SUMMARY STATISTICS
============================================================

       day_index    pm25  respiratory_visits  heating_degree_day  flu_index  school_holiday
count     120.00  120.00              120.00              120.00     120.00          120.00
mean       59.50   10.32              108.38                5.28       0.32            0.03
std        34.79    7.16               20.63                3.07       0.19            0.18
min         0.00    0.00               62.00                0.00       0.00            0.00
25%        29.75    4.69               93.75                2.00       0.16            0.00
50%        59.50    9.64              107.00                6.00       0.31            0.00
75%        89.25   15.07              122.25                8.00       0.46            0.00
max       119.00   33.31              168.00                9.00       0.81            1.00