1.200000000000000000e+01
1.198748748748748660e+01
1.197497497497497498e+01
1.196246246246246159e+01
1.194994994994994997e+01
1.193743743743743657e+01
1.192492492492492495e+01
1.191241241241241156e+01
1.189989989989989994e+01
1.188738738738738654e+01
1.187487487487487492e+01
1.186236236236236152e+01
1.184984984984984990e+01
1.183733733733733651e+01
1.182482482482482489e+01
1.181231231231231149e+01
1.179979979979979987e+01
1.178728728728728647e+01
1.177477477477477485e+01
1.176226226226226146e+01
1.174974974974974984e+01
1.173723723723723644e+01
1.172472472472472482e+01
1.171221221221221143e+01
1.169969969969969981e+01
1.168718718718718641e+01
1.167467467467467479e+01
1.166216216216216139e+01
1.164964964964964977e+01
1.163713713713713638e+01
1.162462462462462476e+01
1.161211211211211136e+01
1.159959959959959974e+01
1.158708708708708635e+01
1.157457457457457473e+01
1.156206206206206133e+01
1.154954954954954971e+01
1.153703703703703631e+01
1.152452452452452469e+01
1.151201201201201130e+01
1.149949949949949968e+01
1.148698698698698628e+01
1.147447447447447466e+01
1.146196196196196126e+01
1.144944944944944965e+01
1.143693693693693625e+01
1.142442442442442463e+01
1.141191191191191123e+01
1.139939939939939961e+01
1.138688688688688622e+01
1.137437437437437460e+01
1.136186186186186120e+01
1.134934934934934958e+01
1.133683683683683618e+01
1.132432432432432456e+01
1.131181181181181117e+01
1.129929929929929955e+01
1.128678678678678615e+01
1.127427427427427453e+01
1.126176176176176114e+01
1.124924924924924952e+01
1.123673673673673612e+01
1.122422422422422450e+01
1.121171171171171110e+01
1.119919919919919948e+01
1.118668668668668609e+01
1.117417417417417447e+01
1.116166166166166107e+01
1.114914914914914945e+01
1.113663663663663606e+01
1.112412412412412444e+01
1.111161161161161104e+01
1.109909909909909942e+01
1.108658658658658602e+01
1.107407407407407440e+01
1.106156156156156101e+01
1.104904904904904939e+01
1.103653653653653599e+01
1.102402402402402437e+01
1.101151151151151097e+01
1.099899899899899935e+01
1.098648648648648596e+01
1.097397397397397434e+01
1.096146146146146094e+01
1.094894894894894932e+01
1.093643643643643593e+01
1.092392392392392431e+01
1.091141141141141091e+01
1.089889889889889929e+01
1.088638638638638589e+01
1.087387387387387427e+01
1.086136136136136088e+01
1.084884884884884926e+01
1.083633633633633586e+01
1.082382382382382424e+01
1.081131131131131085e+01
1.079879879879879923e+01
1.078628628628628583e+01
1.077377377377377421e+01
1.076126126126126081e+01
1.074874874874874919e+01
1.073623623623623580e+01
1.072372372372372418e+01
1.071121121121121078e+01
1.069869869869869916e+01
1.068618618618618576e+01
1.067367367367367414e+01
1.066116116116116075e+01
1.064864864864864913e+01
1.063613613613613573e+01
1.062362362362362411e+01
1.061111111111111072e+01
1.059859859859859910e+01
1.058608608608608570e+01
1.057357357357357408e+01
1.056106106106106068e+01
1.054854854854854906e+01
1.053603603603603567e+01
1.052352352352352405e+01
1.051101101101101065e+01
1.049849849849849903e+01
1.048598598598598564e+01
1.047347347347347402e+01
1.046096096096096062e+01
1.044844844844844900e+01
1.043593593593593560e+01
1.042342342342342398e+01
1.041091091091091059e+01
1.039839839839839897e+01
1.038588588588588557e+01
1.037337337337337395e+01
1.036086086086086056e+01
1.034834834834834894e+01
1.033583583583583554e+01
1.032332332332332392e+01
1.031081081081081052e+01
1.029829829829829890e+01
1.028578578578578551e+01
1.027327327327327389e+01
1.026076076076076049e+01
1.024824824824824887e+01
1.023573573573573547e+01
1.022322322322322385e+01
1.021071071071071046e+01
1.019819819819819884e+01
1.018568568568568544e+01
1.017317317317317382e+01
1.016066066066066043e+01
1.014814814814814881e+01
1.013563563563563541e+01
1.012312312312312201e+01
1.011061061061061039e+01
1.009809809809809877e+01
1.008558558558558538e+01
1.007307307307307198e+01
1.006056056056056036e+01
1.004804804804804874e+01
1.003553553553553535e+01
1.002302302302302195e+01
1.001051051051051033e+01
9.997997997997998709e+00
9.985485485485485313e+00
9.972972972972971917e+00
9.960460460460460297e+00
9.947947947947948677e+00
9.935435435435435281e+00
9.922922922922921884e+00
9.910410410410410265e+00
9.897897897897898645e+00
9.885385385385385248e+00
9.872872872872871852e+00
9.860360360360360232e+00
9.847847847847848612e+00
9.835335335335335216e+00
9.822822822822821820e+00
9.810310310310310200e+00
9.797797797797798580e+00
9.785285285285285184e+00
9.772772772772771788e+00
9.760260260260260168e+00
9.747747747747748548e+00
9.735235235235235152e+00
9.722722722722721755e+00
9.710210210210210136e+00
9.697697697697698516e+00
9.685185185185185119e+00
9.672672672672671723e+00
9.660160160160160103e+00
9.647647647647648483e+00
9.635135135135135087e+00
9.622622622622621691e+00
9.610110110110110071e+00
9.597597597597598451e+00
9.585085085085085055e+00
9.572572572572571659e+00
9.560060060060060039e+00
9.547547547547548419e+00
9.535035035035035023e+00
9.522522522522521626e+00
9.510010010010010006e+00
9.497497497497498387e+00
9.484984984984984990e+00
9.472472472472471594e+00
9.459959959959959974e+00
9.447447447447448354e+00
9.434934934934934958e+00
9.422422422422421562e+00
9.409909909909909942e+00
9.397397397397398322e+00
9.384884884884884926e+00
9.372372372372371530e+00
9.359859859859859910e+00
9.347347347347348290e+00
9.334834834834834894e+00
9.322322322322321497e+00
9.309809809809809877e+00
9.297297297297296481e+00
9.284784784784784861e+00
9.272272272272271465e+00
9.259759759759759845e+00
9.247247247247246449e+00
9.234734734734734829e+00
9.222222222222221433e+00
9.209709709709709813e+00
9.197197197197196417e+00
9.184684684684684797e+00
9.172172172172171400e+00
9.159659659659659781e+00
9.147147147147146384e+00
9.134634634634634764e+00
9.122122122122121368e+00
9.109609609609609748e+00
9.097097097097096352e+00
9.084584584584584732e+00
9.072072072072071336e+00
9.059559559559559716e+00
9.047047047047046320e+00
9.034534534534534700e+00
9.022022022022021304e+00
9.009509509509509684e+00
8.996996996996996288e+00
8.984484484484484668e+00
8.971971971971971271e+00
8.959459459459459651e+00
8.946946946946946255e+00
8.934434434434434635e+00
8.921921921921921239e+00
8.909409409409409619e+00
8.896896896896896223e+00
8.884384384384384603e+00
8.871871871871871207e+00
8.859359359359359587e+00
8.846846846846846191e+00
8.834334334334334571e+00
8.821821821821821175e+00
8.809309309309309555e+00
8.796796796796796158e+00
8.784284284284284539e+00
8.771771771771771142e+00
8.759259259259259522e+00
8.746746746746746126e+00
8.734234234234234506e+00
8.721721721721721110e+00
8.709209209209209490e+00
8.696696696696696094e+00
8.684184184184184474e+00
8.671671671671671078e+00
8.659159159159159458e+00
8.646646646646646062e+00
8.634134134134134442e+00
8.621621621621621046e+00
8.609109109109109426e+00
8.596596596596596029e+00
8.584084084084084409e+00
8.571571571571571013e+00
8.559059059059059393e+00
8.546546546546545997e+00
8.534034034034034377e+00
8.521521521521520981e+00
8.509009009009009361e+00
8.496496496496495965e+00
8.483983983983984345e+00
8.471471471471470949e+00
8.458958958958959329e+00
8.446446446446445933e+00
8.433933933933934313e+00
8.421421421421420916e+00
8.408908908908909297e+00
8.396396396396395900e+00
8.383883883883884280e+00
8.371371371371370884e+00
8.358858858858859264e+00
8.346346346346345868e+00
8.333833833833834248e+00
8.321321321321320852e+00
8.308808808808809232e+00
8.296296296296295836e+00
8.283783783783784216e+00
8.271271271271270820e+00
8.258758758758759200e+00
8.246246246246245803e+00
8.233733733733732407e+00
8.221221221221220787e+00
8.208708708708709167e+00
8.196196196196195771e+00
8.183683683683682375e+00
8.171171171171170755e+00
8.158658658658659135e+00
8.146146146146145739e+00
8.133633633633632343e+00
8.121121121121120723e+00
8.108608608608609103e+00
8.096096096096095707e+00
8.083583583583582310e+00
8.071071071071070691e+00
8.058558558558559071e+00
8.046046046046045674e+00
8.033533533533532278e+00
8.021021021021020658e+00
8.008508508508509038e+00
7.995995995995995642e+00
7.983483483483483134e+00
7.970970970970970626e+00
7.958458458458458118e+00
7.945945945945945610e+00
7.933433433433433102e+00
7.920920920920920594e+00
7.908408408408408086e+00
7.895895895895895578e+00
7.883383383383383070e+00
7.870870870870870561e+00
7.858358358358358053e+00
7.845845845845845545e+00
7.833333333333333037e+00
7.820820820820820529e+00
7.808308308308308021e+00
7.795795795795795513e+00
7.783283283283283005e+00
7.770770770770770497e+00
7.758258258258257989e+00
7.745745745745745481e+00
7.733233233233232973e+00
7.720720720720720465e+00
7.708208208208207957e+00
7.695695695695695449e+00
7.683183183183182940e+00
7.670670670670670432e+00
7.658158158158157924e+00
7.645645645645645416e+00
7.633133133133132908e+00
7.620620620620620400e+00
7.608108108108107892e+00
7.595595595595595384e+00
7.583083083083082876e+00
7.570570570570570368e+00
7.558058058058057860e+00
7.545545545545545352e+00
7.533033033033032844e+00
7.520520520520520336e+00
7.508008008008007828e+00
7.495495495495495319e+00
7.482982982982982811e+00
7.470470470470470303e+00
7.457957957957957795e+00
7.445445445445445287e+00
7.432932932932932779e+00
7.420420420420420271e+00
7.407907907907907763e+00
7.395395395395395255e+00
7.382882882882882747e+00
7.370370370370370239e+00
7.357857857857857731e+00
7.345345345345345223e+00
7.332832832832832715e+00
7.320320320320320207e+00
7.307807807807807698e+00
7.295295295295295190e+00
7.282782782782782682e+00
7.270270270270270174e+00
7.257757757757757666e+00
7.245245245245245158e+00
7.232732732732732650e+00
7.220220220220220142e+00
7.207707707707707634e+00
7.195195195195195126e+00
7.182682682682682618e+00
7.170170170170170110e+00
7.157657657657657602e+00
7.145145145145145094e+00
7.132632632632632586e+00
7.120120120120120077e+00
7.107607607607607569e+00
7.095095095095095061e+00
7.082582582582582553e+00
7.070070070070070045e+00
7.057557557557557537e+00
7.045045045045045029e+00
7.032532532532532521e+00
7.020020020020020013e+00
7.007507507507507505e+00
6.994994994994994997e+00
6.982482482482482489e+00
6.969969969969969981e+00
6.957457457457457473e+00
6.944944944944944965e+00
6.932432432432432456e+00
6.919919919919919948e+00
6.907407407407407440e+00
6.894894894894894932e+00
6.882382382382382424e+00
6.869869869869869916e+00
6.857357357357357408e+00
6.844844844844844900e+00
6.832332332332332392e+00
6.819819819819819884e+00
6.807307307307307376e+00
6.794794794794794868e+00
6.782282282282282360e+00
6.769769769769769852e+00
6.757257257257257343e+00
6.744744744744744835e+00
6.732232232232232327e+00
6.719719719719719819e+00
6.707207207207207311e+00
6.694694694694694803e+00
6.682182182182182295e+00
6.669669669669669787e+00
6.657157157157156391e+00
6.644644644644643883e+00
6.632132132132131375e+00
6.619619619619618867e+00
6.607107107107106359e+00
6.594594594594593850e+00
6.582082082082081342e+00
6.569569569569568834e+00
6.557057057057056326e+00
6.544544544544543818e+00
6.532032032032031310e+00
6.519519519519518802e+00
6.507007007007006294e+00
6.494494494494493786e+00
6.481981981981981278e+00
6.469469469469468770e+00
6.456956956956956262e+00
6.444444444444443754e+00
6.431931931931931246e+00
6.419419419419418738e+00
6.406906906906906229e+00
6.394394394394393721e+00
6.381881881881881213e+00
6.369369369369368705e+00
6.356856856856856197e+00
6.344344344344343689e+00
6.331831831831831181e+00
6.319319319319318673e+00
6.306806806806806165e+00
6.294294294294293657e+00
6.281781781781781149e+00
6.269269269269268641e+00
6.256756756756756133e+00
6.244244244244243625e+00
6.231731731731731116e+00
6.219219219219218608e+00
6.206706706706706100e+00
6.194194194194193592e+00
6.181681681681681084e+00
6.169169169169168576e+00
6.156656656656656068e+00
6.144144144144143560e+00
6.131631631631631052e+00
6.119119119119118544e+00
6.106606606606606036e+00
6.094094094094093528e+00
6.081581581581581020e+00
6.069069069069068512e+00
6.056556556556556004e+00
6.044044044044043495e+00
6.031531531531530987e+00
6.019019019019018479e+00
6.006506506506505971e+00
5.993993993993993463e+00
5.981481481481480955e+00
5.968968968968968447e+00
5.956456456456455939e+00
5.943943943943943431e+00
5.931431431431430923e+00
5.918918918918918415e+00
5.906406406406405907e+00
5.893893893893893399e+00
5.881381381381380891e+00
5.868868868868868383e+00
5.856356356356355874e+00
5.843843843843843366e+00
5.831331331331330858e+00
5.818818818818818350e+00
5.806306306306305842e+00
5.793793793793793334e+00
5.781281281281280826e+00
5.768768768768768318e+00
5.756256256256255810e+00
5.743743743743743302e+00
5.731231231231230794e+00
5.718718718718718286e+00
5.706206206206205778e+00
5.693693693693693270e+00
5.681181181181180762e+00
5.668668668668668253e+00
5.656156156156155745e+00
5.643643643643643237e+00
5.631131131131130729e+00
5.618618618618618221e+00
5.606106106106105713e+00
5.593593593593593205e+00
5.581081081081080697e+00
5.568568568568568189e+00
5.556056056056055681e+00
5.543543543543543173e+00
5.531031031031030665e+00
5.518518518518518157e+00
5.506006006006005649e+00
5.493493493493493141e+00
5.480980980980980632e+00
5.468468468468468124e+00
5.455955955955955616e+00
5.443443443443443108e+00
5.430930930930930600e+00
5.418418418418418092e+00
5.405905905905905584e+00
5.393393393393393076e+00
5.380880880880880568e+00
5.368368368368368060e+00
5.355855855855855552e+00
5.343343343343343044e+00
5.330830830830830536e+00
5.318318318318318028e+00
5.305805805805805520e+00
5.293293293293293011e+00
5.280780780780780503e+00
5.268268268268267995e+00
5.255755755755755487e+00
5.243243243243242979e+00
5.230730730730730471e+00
5.218218218218217963e+00
5.205705705705705455e+00
5.193193193193192947e+00
5.180680680680680439e+00
5.168168168168167931e+00
5.155655655655655423e+00
5.143143143143142915e+00
5.130630630630630407e+00
5.118118118118117899e+00
5.105605605605605390e+00
5.093093093093092882e+00
5.080580580580580374e+00
5.068068068068067866e+00
5.055555555555555358e+00
5.043043043043042850e+00
5.030530530530530342e+00
5.018018018018017834e+00
5.005505505505505326e+00
4.992992992992992818e+00
4.980480480480480310e+00
4.967967967967967802e+00
4.955455455455455294e+00
4.942942942942942786e+00
4.930430430430430278e+00
4.917917917917917769e+00
4.905405405405405261e+00
4.892892892892892753e+00
4.880380380380380245e+00
4.867867867867867737e+00
4.855355355355355229e+00
4.842842842842842721e+00
4.830330330330330213e+00
4.817817817817817705e+00
4.805305305305305197e+00
4.792792792792792689e+00
4.780280280280280181e+00
4.767767767767767673e+00
4.755255255255255165e+00
4.742742742742742657e+00
4.730230230230230148e+00
4.717717717717717640e+00
4.705205205205205132e+00
4.692692692692692624e+00
4.680180180180180116e+00
4.667667667667667608e+00
4.655155155155155100e+00
4.642642642642642592e+00
4.630130130130130084e+00
4.617617617617617576e+00
4.605105105105105068e+00
4.592592592592592560e+00
4.580080080080080052e+00
4.567567567567567544e+00
4.555055055055055035e+00
4.542542542542542527e+00
4.530030030030030019e+00
4.517517517517516623e+00
4.505005005005004115e+00
4.492492492492491607e+00
4.479979979979979099e+00
4.467467467467466591e+00
4.454954954954954083e+00
4.442442442442441575e+00
4.429929929929929067e+00
4.417417417417416559e+00
4.404904904904904051e+00
4.392392392392391542e+00
4.379879879879879034e+00
4.367367367367366526e+00
4.354854854854854018e+00
4.342342342342341510e+00
4.329829829829829002e+00
4.317317317317316494e+00
4.304804804804803986e+00
4.292292292292291478e+00
4.279779779779778970e+00
4.267267267267266462e+00
4.254754754754753954e+00
4.242242242242241446e+00
4.229729729729728938e+00
4.217217217217216430e+00
4.204704704704703921e+00
4.192192192192191413e+00
4.179679679679678905e+00
4.167167167167166397e+00
4.154654654654653889e+00
4.142142142142141381e+00
4.129629629629628873e+00
4.117117117117116365e+00
4.104604604604603857e+00
4.092092092092091349e+00
4.079579579579578841e+00
4.067067067067066333e+00
4.054554554554553825e+00
4.042042042042041317e+00
4.029529529529528808e+00
4.017017017017016300e+00
4.004504504504503792e+00
3.991991991991991284e+00
3.979479479479479664e+00
3.966966966966966268e+00
3.954454454454454648e+00
3.941941941941941252e+00
3.929429429429429632e+00
3.916916916916916236e+00
3.904404404404404616e+00
3.891891891891891220e+00
3.879379379379379600e+00
3.866866866866866204e+00
3.854354354354354584e+00
3.841841841841841187e+00
3.829329329329329568e+00
3.816816816816816171e+00
3.804304304304304551e+00
3.791791791791791155e+00
3.779279279279279535e+00
3.766766766766766139e+00
3.754254254254254519e+00
3.741741741741741123e+00
3.729229229229229503e+00
3.716716716716716107e+00
3.704204204204204487e+00
3.691691691691691091e+00
3.679179179179179471e+00
3.666666666666666075e+00
3.654154154154154455e+00
3.641641641641641058e+00
3.629129129129129439e+00
3.616616616616616042e+00
3.604104104104104422e+00
3.591591591591591026e+00
3.579079079079079406e+00
3.566566566566566010e+00
3.554054054054054390e+00
3.541541541541540994e+00
3.529029029029029374e+00
3.516516516516515978e+00
3.504004004004004358e+00
3.491491491491490962e+00
3.478978978978979342e+00
3.466466466466465945e+00
3.453953953953952549e+00
3.441441441441440929e+00
3.428928928928927533e+00
3.416416416416415913e+00
3.403903903903902517e+00
3.391391391391390897e+00
3.378878878878877501e+00
3.366366366366365881e+00
3.353853853853852485e+00
3.341341341341340865e+00
3.328828828828827469e+00
3.316316316316315849e+00
3.303803803803802452e+00
3.291291291291290833e+00
3.278778778778777436e+00
3.266266266266265816e+00
3.253753753753752420e+00
3.241241241241240800e+00
3.228728728728727404e+00
3.216216216216215784e+00
3.203703703703702388e+00
3.191191191191190768e+00
3.178678678678677372e+00
3.166166166166165752e+00
3.153653653653652356e+00
3.141141141141140736e+00
3.128628628628627339e+00
3.116116116116115720e+00
3.103603603603602323e+00
3.091091091091090703e+00
3.078578578578577307e+00
3.066066066066065687e+00
3.053553553553552291e+00
3.041041041041040671e+00
3.028528528528527275e+00
3.016016016016015655e+00
3.003503503503502259e+00
2.990990990990990639e+00
2.978478478478477243e+00
2.965965965965965623e+00
2.953453453453452227e+00
2.940940940940940607e+00
2.928428428428427210e+00
2.915915915915915591e+00
2.903403403403402194e+00
2.890890890890890574e+00
2.878378378378377178e+00
2.865865865865865558e+00
2.853353353353352162e+00
2.840840840840840542e+00
2.828328328328327146e+00
2.815815815815815526e+00
2.803303303303302130e+00
2.790790790790790510e+00
2.778278278278277114e+00
2.765765765765765494e+00
2.753253253253252097e+00
2.740740740740740478e+00
2.728228228228227081e+00
2.715715715715715461e+00
2.703203203203202065e+00
2.690690690690690445e+00
2.678178178178177049e+00
2.665665665665665429e+00
2.653153153153152033e+00
2.640640640640640413e+00
2.628128128128127017e+00
2.615615615615615397e+00
2.603103103103102001e+00
2.590590590590590381e+00
2.578078078078076985e+00
2.565565565565565365e+00
2.553053053053051968e+00
2.540540540540540349e+00
2.528028028028026952e+00
2.515515515515515332e+00
2.503003003003001936e+00
2.490490490490490316e+00
2.477977977977976920e+00
2.465465465465465300e+00
2.452952952952951904e+00
2.440440440440440284e+00
2.427927927927926888e+00
2.415415415415415268e+00
2.402902902902901872e+00
2.390390390390390252e+00
2.377877877877876855e+00
2.365365365365365236e+00
2.352852852852851839e+00
2.340340340340340219e+00
2.327827827827826823e+00
2.315315315315315203e+00
2.302802802802801807e+00
2.290290290290290187e+00
2.277777777777776791e+00
2.265265265265265171e+00
2.252752752752751775e+00
2.240240240240240155e+00
2.227727727727726759e+00
2.215215215215215139e+00
2.202702702702701743e+00
2.190190190190190123e+00
2.177677677677676726e+00
2.165165165165165106e+00
2.152652652652651710e+00
2.140140140140140090e+00
2.127627627627626694e+00
2.115115115115115074e+00
2.102602602602601678e+00
2.090090090090090058e+00
2.077577577577576662e+00
2.065065065065065042e+00
2.052552552552551646e+00
2.040040040040040026e+00
2.027527527527526630e+00
2.015015015015015010e+00
2.002502502502501613e+00
1.989989989989989994e+00
1.977477477477476597e+00
1.964964964964964977e+00
1.952452452452451581e+00
1.939939939939939961e+00
1.927427427427426565e+00
1.914914914914914945e+00
1.902402402402401549e+00
1.889889889889889929e+00
1.877377377377376533e+00
1.864864864864864913e+00
1.852352352352351517e+00
1.839839839839839897e+00
1.827327327327326500e+00
1.814814814814814881e+00
1.802302302302301484e+00
1.789789789789789864e+00
1.777277277277276468e+00
1.764764764764764848e+00
1.752252252252251452e+00
1.739739739739739832e+00
1.727227227227226436e+00
1.714714714714714816e+00
1.702202202202201420e+00
1.689689689689689800e+00
1.677177177177176404e+00
1.664664664664664784e+00
1.652152152152151388e+00
1.639639639639639768e+00
1.627127127127126371e+00
1.614614614614614752e+00
1.602102102102101355e+00
1.589589589589589735e+00
1.577077077077076339e+00
1.564564564564564719e+00
1.552052052052051323e+00
1.539539539539539703e+00
1.527027027027026307e+00
1.514514514514514687e+00
1.502002002002001291e+00
1.489489489489489671e+00
1.476976976976976275e+00
1.464464464464464655e+00
1.451951951951951258e+00
1.439439439439439639e+00
1.426926926926926242e+00
1.414414414414414622e+00
1.401901901901901226e+00
1.389389389389389606e+00
1.376876876876876210e+00
1.364364364364364590e+00
1.351851851851851194e+00
1.339339339339339574e+00
1.326826826826826178e+00
1.314314314314312782e+00
1.301801801801801162e+00
1.289289289289287765e+00
1.276776776776776146e+00
1.264264264264262749e+00
1.251751751751751129e+00
1.239239239239237733e+00
1.226726726726726113e+00
1.214214214214212717e+00
1.201701701701701097e+00
1.189189189189187701e+00
1.176676676676676081e+00
1.164164164164162685e+00
1.151651651651651065e+00
1.139139139139137669e+00
1.126626626626626049e+00
1.114114114114112652e+00
1.101601601601601033e+00
1.089089089089087636e+00
1.076576576576576016e+00
1.064064064064062620e+00
1.051551551551551000e+00
1.039039039039037604e+00
1.026526526526525984e+00
1.014014014014012588e+00
1.001501501501500968e+00
9.889889889889875718e-01
9.764764764764759519e-01
9.639639639639625557e-01
9.514514514514509358e-01
9.389389389389375395e-01
9.264264264264259197e-01
9.139139139139125234e-01
9.014014014014009035e-01
8.888888888888875073e-01
8.763763763763758874e-01
8.638638638638624911e-01
8.513513513513508713e-01
8.388388388388374750e-01
8.263263263263258551e-01
8.138138138138124589e-01
8.013013013013008390e-01
7.887887887887874427e-01
7.762762762762758229e-01
7.637637637637624266e-01
7.512512512512508067e-01
7.387387387387374105e-01
7.262262262262257906e-01
7.137137137137123943e-01
7.012012012012007744e-01
6.886886886886873782e-01
6.761761761761757583e-01
6.636636636636623621e-01
6.511511511511507422e-01
6.386386386386373459e-01
6.261261261261257260e-01
6.136136136136123298e-01
6.011011011011007099e-01
5.885885885885873137e-01
5.760760760760756938e-01
5.635635635635622975e-01
5.510510510510506776e-01
5.385385385385372814e-01
5.260260260260256615e-01
5.135135135135122653e-01
5.010010010010006454e-01
4.884884884884872491e-01
4.759759759759756292e-01
4.634634634634622330e-01
4.509509509509506131e-01
4.384384384384372169e-01
4.259259259259255970e-01
4.134134134134122007e-01
4.009009009009005808e-01
3.883883883883871846e-01
3.758758758758755647e-01
3.633633633633621685e-01
3.508508508508505486e-01
3.383383383383371523e-01
3.258258258258255324e-01
3.133133133133121362e-01
3.008008008008005163e-01
2.882882882882871201e-01
2.757757757757755002e-01
2.632632632632621039e-01
2.507507507507504840e-01
2.382382382382370878e-01
2.257257257257254679e-01
2.132132132132120717e-01
2.007007007007004518e-01
1.881881881881870555e-01
1.756756756756754356e-01
1.631631631631620394e-01
1.506506506506504195e-01
1.381381381381370232e-01
1.256256256256254034e-01
1.131131131131120071e-01
1.006006006006003872e-01
8.808808808808699098e-02
7.557557557557537109e-02
6.306306306306197484e-02
5.055055055055035496e-02
3.803803803803695871e-02
2.552552552552533882e-02
1.301301301301194258e-02
5.005005005003226870e-04
0.000000000000000000e+00
0.000000000000000000e+00
0.000000000000000000e+00
0.000000000000000000e+00
0.000000000000000000e+00
0.000000000000000000e+00
0.000000000000000000e+00
0.000000000000000000e+00
0.000000000000000000e+00
0.000000000000000000e+00
0.000000000000000000e+00
0.000000000000000000e+00
0.000000000000000000e+00
0.000000000000000000e+00
0.000000000000000000e+00
0.000000000000000000e+00
0.000000000000000000e+00
0.000000000000000000e+00
0.000000000000000000e+00
0.000000000000000000e+00
0.000000000000000000e+00
0.000000000000000000e+00
0.000000000000000000e+00
0.000000000000000000e+00
0.000000000000000000e+00
0.000000000000000000e+00
0.000000000000000000e+00
0.000000000000000000e+00
0.000000000000000000e+00
0.000000000000000000e+00
0.000000000000000000e+00
0.000000000000000000e+00
0.000000000000000000e+00
0.000000000000000000e+00
0.000000000000000000e+00
0.000000000000000000e+00
0.000000000000000000e+00
0.000000000000000000e+00
0.000000000000000000e+00
0.000000000000000000e+00
