-2.000000000000000000e+01
-1.997497497497497321e+01
-1.994994994994994997e+01
-1.992492492492492318e+01
-1.989989989989989994e+01
-1.987487487487487314e+01
-1.984984984984984990e+01
-1.982482482482482311e+01
-1.979979979979979987e+01
-1.977477477477477308e+01
-1.974974974974974984e+01
-1.972472472472472305e+01
-1.969969969969969981e+01
-1.967467467467467301e+01
-1.964964964964964977e+01
-1.962462462462462298e+01
-1.959959959959959974e+01
-1.957457457457457295e+01
-1.954954954954954971e+01
-1.952452452452452292e+01
-1.949949949949949968e+01
-1.947447447447447288e+01
-1.944944944944944965e+01
-1.942442442442442285e+01
-1.939939939939939961e+01
-1.937437437437437282e+01
-1.934934934934934958e+01
-1.932432432432432279e+01
-1.929929929929929955e+01
-1.927427427427427276e+01
-1.924924924924924952e+01
-1.922422422422422272e+01
-1.919919919919919948e+01
-1.917417417417417269e+01
-1.914914914914914945e+01
-1.912412412412412266e+01
-1.909909909909909942e+01
-1.907407407407407263e+01
-1.904904904904904939e+01
-1.902402402402402259e+01
-1.899899899899899935e+01
-1.897397397397397256e+01
-1.894894894894894932e+01
-1.892392392392392253e+01
-1.889889889889889929e+01
-1.887387387387387250e+01
-1.884884884884884926e+01
-1.882382382382382247e+01
-1.879879879879879923e+01
-1.877377377377377243e+01
-1.874874874874874919e+01
-1.872372372372372240e+01
-1.869869869869869916e+01
-1.867367367367367237e+01
-1.864864864864864913e+01
-1.862362362362362234e+01
-1.859859859859859910e+01
-1.857357357357357230e+01
-1.854854854854854906e+01
-1.852352352352352227e+01
-1.849849849849849903e+01
-1.847347347347347224e+01
-1.844844844844844900e+01
-1.842342342342342221e+01
-1.839839839839839897e+01
-1.837337337337337217e+01
-1.834834834834834894e+01
-1.832332332332332214e+01
-1.829829829829829890e+01
-1.827327327327327211e+01
-1.824824824824824887e+01
-1.822322322322322208e+01
-1.819819819819819884e+01
-1.817317317317317205e+01
-1.814814814814814881e+01
-1.812312312312312201e+01
-1.809809809809809877e+01
-1.807307307307307198e+01
-1.804804804804804874e+01
-1.802302302302302195e+01
-1.799799799799799871e+01
-1.797297297297297192e+01
-1.794794794794794868e+01
-1.792292292292292188e+01
-1.789789789789789864e+01
-1.787287287287287185e+01
-1.784784784784784861e+01
-1.782282282282282182e+01
-1.779779779779779858e+01
-1.777277277277277179e+01
-1.774774774774774855e+01
-1.772272272272272176e+01
-1.769769769769769852e+01
-1.767267267267267172e+01
-1.764764764764764848e+01
-1.762262262262262169e+01
-1.759759759759759845e+01
-1.757257257257257166e+01
-1.754754754754754842e+01
-1.752252252252252163e+01
-1.749749749749749839e+01
-1.747247247247247159e+01
-1.744744744744744835e+01
-1.742242242242242156e+01
-1.739739739739739832e+01
-1.737237237237237153e+01
-1.734734734734734829e+01
-1.732232232232232150e+01
-1.729729729729729826e+01
-1.727227227227227146e+01
-1.724724724724724823e+01
-1.722222222222222143e+01
-1.719719719719719819e+01
-1.717217217217217140e+01
-1.714714714714714816e+01
-1.712212212212212137e+01
-1.709709709709709813e+01
-1.707207207207207134e+01
-1.704704704704704810e+01
-1.702202202202202130e+01
-1.699699699699699806e+01
-1.697197197197197127e+01
-1.694694694694694803e+01
-1.692192192192192124e+01
-1.689689689689689800e+01
-1.687187187187187121e+01
-1.684684684684684797e+01
-1.682182182182182117e+01
-1.679679679679679793e+01
-1.677177177177177114e+01
-1.674674674674674790e+01
-1.672172172172172111e+01
-1.669669669669669787e+01
-1.667167167167167108e+01
-1.664664664664664784e+01
-1.662162162162162105e+01
-1.659659659659659781e+01
-1.657157157157157101e+01
-1.654654654654654777e+01
-1.652152152152152098e+01
-1.649649649649649774e+01
-1.647147147147147095e+01
-1.644644644644644771e+01
-1.642142142142142092e+01
-1.639639639639639768e+01
-1.637137137137137088e+01
-1.634634634634634764e+01
-1.632132132132132085e+01
-1.629629629629629761e+01
-1.627127127127127082e+01
-1.624624624624624403e+01
-1.622122122122122079e+01
-1.619619619619619755e+01
-1.617117117117117076e+01
-1.614614614614614396e+01
-1.612112112112112072e+01
-1.609609609609609748e+01
-1.607107107107107069e+01
-1.604604604604604390e+01
-1.602102102102102066e+01
-1.599599599599599564e+01
-1.597097097097097063e+01
-1.594594594594594561e+01
-1.592092092092092059e+01
-1.589589589589589558e+01
-1.587087087087087056e+01
-1.584584584584584555e+01
-1.582082082082082053e+01
-1.579579579579579551e+01
-1.577077077077077050e+01
-1.574574574574574548e+01
-1.572072072072072046e+01
-1.569569569569569545e+01
-1.567067067067067043e+01
-1.564564564564564542e+01
-1.562062062062062040e+01
-1.559559559559559538e+01
-1.557057057057057037e+01
-1.554554554554554535e+01
-1.552052052052052034e+01
-1.549549549549549532e+01
-1.547047047047047030e+01
-1.544544544544544529e+01
-1.542042042042042027e+01
-1.539539539539539525e+01
-1.537037037037037024e+01
-1.534534534534534522e+01
-1.532032032032032021e+01
-1.529529529529529519e+01
-1.527027027027027017e+01
-1.524524524524524516e+01
-1.522022022022022014e+01
-1.519519519519519513e+01
-1.517017017017017011e+01
-1.514514514514514509e+01
-1.512012012012012008e+01
-1.509509509509509506e+01
-1.507007007007007005e+01
-1.504504504504504503e+01
-1.502002002002002001e+01
-1.499499499499499500e+01
-1.496996996996996998e+01
-1.494494494494494496e+01
-1.491991991991991995e+01
-1.489489489489489493e+01
-1.486986986986986992e+01
-1.484484484484484490e+01
-1.481981981981981988e+01
-1.479479479479479487e+01
-1.476976976976976985e+01
-1.474474474474474484e+01
-1.471971971971971982e+01
-1.469469469469469480e+01
-1.466966966966966979e+01
-1.464464464464464299e+01
-1.461961961961961975e+01
-1.459459459459459296e+01
-1.456956956956956972e+01
-1.454454454454454293e+01
-1.451951951951951969e+01
-1.449449449449449290e+01
-1.446946946946946966e+01
-1.444444444444444287e+01
-1.441941941941941963e+01
-1.439439439439439283e+01
-1.436936936936936959e+01
-1.434434434434434280e+01
-1.431931931931931956e+01
-1.429429429429429277e+01
-1.426926926926926953e+01
-1.424424424424424274e+01
-1.421921921921921950e+01
-1.419419419419419270e+01
-1.416916916916916946e+01
-1.414414414414414267e+01
-1.411911911911911943e+01
-1.409409409409409264e+01
-1.406906906906906940e+01
-1.404404404404404261e+01
-1.401901901901901937e+01
-1.399399399399399258e+01
-1.396896896896896934e+01
-1.394394394394394254e+01
-1.391891891891891930e+01
-1.389389389389389251e+01
-1.386886886886886927e+01
-1.384384384384384248e+01
-1.381881881881881924e+01
-1.379379379379379245e+01
-1.376876876876876921e+01
-1.374374374374374241e+01
-1.371871871871871917e+01
-1.369369369369369238e+01
-1.366866866866866914e+01
-1.364364364364364235e+01
-1.361861861861861911e+01
-1.359359359359359232e+01
-1.356856856856856908e+01
-1.354354354354354228e+01
-1.351851851851851904e+01
-1.349349349349349225e+01
-1.346846846846846901e+01
-1.344344344344344222e+01
-1.341841841841841898e+01
-1.339339339339339219e+01
-1.336836836836836895e+01
-1.334334334334334216e+01
-1.331831831831831892e+01
-1.329329329329329212e+01
-1.326826826826826888e+01
-1.324324324324324209e+01
-1.321821821821821885e+01
-1.319319319319319206e+01
-1.316816816816816882e+01
-1.314314314314314203e+01
-1.311811811811811879e+01
-1.309309309309309199e+01
-1.306806806806806875e+01
-1.304304304304304196e+01
-1.301801801801801872e+01
-1.299299299299299193e+01
-1.296796796796796869e+01
-1.294294294294294190e+01
-1.291791791791791866e+01
-1.289289289289289187e+01
-1.286786786786786863e+01
-1.284284284284284183e+01
-1.281781781781781859e+01
-1.279279279279279180e+01
-1.276776776776776856e+01
-1.274274274274274177e+01
-1.271771771771771853e+01
-1.269269269269269174e+01
-1.266766766766766850e+01
-1.264264264264264170e+01
-1.261761761761761846e+01
-1.259259259259259167e+01
-1.256756756756756843e+01
-1.254254254254254164e+01
-1.251751751751751662e+01
-1.249249249249249161e+01
-1.246746746746746659e+01
-1.244244244244244157e+01
-1.241741741741741656e+01
-1.239239239239239154e+01
-1.236736736736736653e+01
-1.234234234234234151e+01
-1.231731731731731649e+01
-1.229229229229229148e+01
-1.226726726726726646e+01
-1.224224224224224145e+01
-1.221721721721721643e+01
-1.219219219219219141e+01
-1.216716716716716640e+01
-1.214214214214214138e+01
-1.211711711711711636e+01
-1.209209209209209135e+01
-1.206706706706706633e+01
-1.204204204204204132e+01
-1.201701701701701630e+01
-1.199199199199199128e+01
-1.196696696696696627e+01
-1.194194194194194125e+01
-1.191691691691691624e+01
-1.189189189189189122e+01
-1.186686686686686620e+01
-1.184184184184184119e+01
-1.181681681681681617e+01
-1.179179179179179116e+01
-1.176676676676676614e+01
-1.174174174174174112e+01
-1.171671671671671611e+01
-1.169169169169169109e+01
-1.166666666666666607e+01
-1.164164164164164106e+01
-1.161661661661661604e+01
-1.159159159159159103e+01
-1.156656656656656601e+01
-1.154154154154154099e+01
-1.151651651651651598e+01
-1.149149149149149096e+01
-1.146646646646646595e+01
-1.144144144144144093e+01
-1.141641641641641591e+01
-1.139139139139139090e+01
-1.136636636636636588e+01
-1.134134134134134086e+01
-1.131631631631631585e+01
-1.129129129129129083e+01
-1.126626626626626582e+01
-1.124124124124124080e+01
-1.121621621621621578e+01
-1.119119119119119077e+01
-1.116616616616616575e+01
-1.114114114114114074e+01
-1.111611611611611572e+01
-1.109109109109109070e+01
-1.106606606606606569e+01
-1.104104104104104067e+01
-1.101601601601601566e+01
-1.099099099099099064e+01
-1.096596596596596562e+01
-1.094094094094094061e+01
-1.091591591591591559e+01
-1.089089089089089057e+01
-1.086586586586586556e+01
-1.084084084084084054e+01
-1.081581581581581553e+01
-1.079079079079079051e+01
-1.076576576576576549e+01
-1.074074074074074048e+01
-1.071571571571571546e+01
-1.069069069069069045e+01
-1.066566566566566543e+01
-1.064064064064064041e+01
-1.061561561561561540e+01
-1.059059059059059038e+01
-1.056556556556556536e+01
-1.054054054054054035e+01
-1.051551551551551533e+01
-1.049049049049049032e+01
-1.046546546546546530e+01
-1.044044044044044028e+01
-1.041541541541541527e+01
-1.039039039039039025e+01
-1.036536536536536524e+01
-1.034034034034034022e+01
-1.031531531531531520e+01
-1.029029029029029019e+01
-1.026526526526526517e+01
-1.024024024024024015e+01
-1.021521521521521514e+01
-1.019019019019019012e+01
-1.016516516516516511e+01
-1.014014014014014009e+01
-1.011511511511511507e+01
-1.009009009009009006e+01
-1.006506506506506504e+01
-1.004004004004004003e+01
-1.001501501501501501e+01
-9.989989989989989994e+00
-9.964964964964964977e+00
-9.939939939939939961e+00
-9.914914914914914945e+00
-9.889889889889889929e+00
-9.864864864864864913e+00
-9.839839839839839897e+00
-9.814814814814814881e+00
-9.789789789789789864e+00
-9.764764764764764848e+00
-9.739739739739739832e+00
-9.714714714714714816e+00
-9.689689689689689800e+00
-9.664664664664664784e+00
-9.639639639639639768e+00
-9.614614614614614752e+00
-9.589589589589589735e+00
-9.564564564564564719e+00
-9.539539539539539703e+00
-9.514514514514514687e+00
-9.489489489489489671e+00
-9.464464464464464655e+00
-9.439439439439439639e+00
-9.414414414414414622e+00
-9.389389389389389606e+00
-9.364364364364364590e+00
-9.339339339339339574e+00
-9.314314314314312782e+00
-9.289289289289287765e+00
-9.264264264264262749e+00
-9.239239239239237733e+00
-9.214214214214212717e+00
-9.189189189189187701e+00
-9.164164164164162685e+00
-9.139139139139137669e+00
-9.114114114114112652e+00
-9.089089089089087636e+00
-9.064064064064062620e+00
-9.039039039039037604e+00
-9.014014014014012588e+00
-8.988988988988987572e+00
-8.963963963963962556e+00
-8.938938938938937540e+00
-8.913913913913912523e+00
-8.888888888888887507e+00
-8.863863863863862491e+00
-8.838838838838837475e+00
-8.813813813813812459e+00
-8.788788788788787443e+00
-8.763763763763762427e+00
-8.738738738738737410e+00
-8.713713713713712394e+00
-8.688688688688687378e+00
-8.663663663663662362e+00
-8.638638638638637346e+00
-8.613613613613612330e+00
-8.588588588588587314e+00
-8.563563563563562298e+00
-8.538538538538537281e+00
-8.513513513513512265e+00
-8.488488488488487249e+00
-8.463463463463462233e+00
-8.438438438438437217e+00
-8.413413413413412201e+00
-8.388388388388387185e+00
-8.363363363363362168e+00
-8.338338338338337152e+00
-8.313313313313312136e+00
-8.288288288288287120e+00
-8.263263263263262104e+00
-8.238238238238237088e+00
-8.213213213213212072e+00
-8.188188188188187056e+00
-8.163163163163162039e+00
-8.138138138138137023e+00
-8.113113113113112007e+00
-8.088088088088086991e+00
-8.063063063063061975e+00
-8.038038038038036959e+00
-8.013013013013011943e+00
-7.987987987987986926e+00
-7.962962962962961910e+00
-7.937937937937936894e+00
-7.912912912912911878e+00
-7.887887887887886862e+00
-7.862862862862861846e+00
-7.837837837837836830e+00
-7.812812812812811814e+00
-7.787787787787786797e+00
-7.762762762762761781e+00
-7.737737737737736765e+00
-7.712712712712711749e+00
-7.687687687687686733e+00
-7.662662662662661717e+00
-7.637637637637636701e+00
-7.612612612612611684e+00
-7.587587587587586668e+00
-7.562562562562561652e+00
-7.537537537537536636e+00
-7.512512512512511620e+00
-7.487487487487486604e+00
-7.462462462462461588e+00
-7.437437437437436571e+00
-7.412412412412411555e+00
-7.387387387387386539e+00
-7.362362362362361523e+00
-7.337337337337336507e+00
-7.312312312312311491e+00
-7.287287287287286475e+00
-7.262262262262261459e+00
-7.237237237237236442e+00
-7.212212212212211426e+00
-7.187187187187186410e+00
-7.162162162162161394e+00
-7.137137137137136378e+00
-7.112112112112111362e+00
-7.087087087087086346e+00
-7.062062062062061329e+00
-7.037037037037036313e+00
-7.012012012012011297e+00
-6.986986986986986281e+00
-6.961961961961961265e+00
-6.936936936936936249e+00
-6.911911911911911233e+00
-6.886886886886886217e+00
-6.861861861861861200e+00
-6.836836836836836184e+00
-6.811811811811811168e+00
-6.786786786786786152e+00
-6.761761761761761136e+00
-6.736736736736736120e+00
-6.711711711711711104e+00
-6.686686686686686087e+00
-6.661661661661661071e+00
-6.636636636636636055e+00
-6.611611611611611039e+00
-6.586586586586586023e+00
-6.561561561561561007e+00
-6.536536536536535991e+00
-6.511511511511510975e+00
-6.486486486486485958e+00
-6.461461461461460942e+00
-6.436436436436435926e+00
-6.411411411411410910e+00
-6.386386386386385894e+00
-6.361361361361360878e+00
-6.336336336336335862e+00
-6.311311311311310845e+00
-6.286286286286285829e+00
-6.261261261261260813e+00
-6.236236236236235797e+00
-6.211211211211210781e+00
-6.186186186186185765e+00
-6.161161161161160749e+00
-6.136136136136135732e+00
-6.111111111111110716e+00
-6.086086086086085700e+00
-6.061061061061060684e+00
-6.036036036036035668e+00
-6.011011011011010652e+00
-5.985985985985985636e+00
-5.960960960960960620e+00
-5.935935935935935603e+00
-5.910910910910910587e+00
-5.885885885885885571e+00
-5.860860860860860555e+00
-5.835835835835835539e+00
-5.810810810810810523e+00
-5.785785785785785507e+00
-5.760760760760760490e+00
-5.735735735735735474e+00
-5.710710710710710458e+00
-5.685685685685685442e+00
-5.660660660660660426e+00
-5.635635635635635410e+00
-5.610610610610610394e+00
-5.585585585585585378e+00
-5.560560560560560361e+00
-5.535535535535535345e+00
-5.510510510510510329e+00
-5.485485485485485313e+00
-5.460460460460460297e+00
-5.435435435435435281e+00
-5.410410410410410265e+00
-5.385385385385385248e+00
-5.360360360360360232e+00
-5.335335335335335216e+00
-5.310310310310310200e+00
-5.285285285285285184e+00
-5.260260260260260168e+00
-5.235235235235235152e+00
-5.210210210210210136e+00
-5.185185185185185119e+00
-5.160160160160160103e+00
-5.135135135135135087e+00
-5.110110110110110071e+00
-5.085085085085085055e+00
-5.060060060060060039e+00
-5.035035035035033246e+00
-5.010010010010008230e+00
-4.984984984984983214e+00
-4.959959959959958198e+00
-4.934934934934933182e+00
-4.909909909909908166e+00
-4.884884884884883149e+00
-4.859859859859858133e+00
-4.834834834834833117e+00
-4.809809809809808101e+00
-4.784784784784783085e+00
-4.759759759759758069e+00
-4.734734734734733053e+00
-4.709709709709708036e+00
-4.684684684684683020e+00
-4.659659659659658004e+00
-4.634634634634632988e+00
-4.609609609609607972e+00
-4.584584584584582956e+00
-4.559559559559557940e+00
-4.534534534534532924e+00
-4.509509509509507907e+00
-4.484484484484482891e+00
-4.459459459459457875e+00
-4.434434434434432859e+00
-4.409409409409407843e+00
-4.384384384384382827e+00
-4.359359359359357811e+00
-4.334334334334332794e+00
-4.309309309309307778e+00
-4.284284284284282762e+00
-4.259259259259257746e+00
-4.234234234234232730e+00
-4.209209209209207714e+00
-4.184184184184182698e+00
-4.159159159159157682e+00
-4.134134134134132665e+00
-4.109109109109107649e+00
-4.084084084084082633e+00
-4.059059059059057617e+00
-4.034034034034032601e+00
-4.009009009009007585e+00
-3.983983983983982569e+00
-3.958958958958959329e+00
-3.933933933933932536e+00
-3.908908908908909297e+00
-3.883883883883882504e+00
-3.858858858858859264e+00
-3.833833833833832472e+00
-3.808808808808809232e+00
-3.783783783783782440e+00
-3.758758758758759200e+00
-3.733733733733732407e+00
-3.708708708708709167e+00
-3.683683683683682375e+00
-3.658658658658659135e+00
-3.633633633633632343e+00
-3.608608608608609103e+00
-3.583583583583582310e+00
-3.558558558558559071e+00
-3.533533533533532278e+00
-3.508508508508509038e+00
-3.483483483483482246e+00
-3.458458458458459006e+00
-3.433433433433432214e+00
-3.408408408408408974e+00
-3.383383383383382181e+00
-3.358358358358358942e+00
-3.333333333333332149e+00
-3.308308308308308909e+00
-3.283283283283282117e+00
-3.258258258258258877e+00
-3.233233233233232085e+00
-3.208208208208208845e+00
-3.183183183183182052e+00
-3.158158158158158813e+00
-3.133133133133132020e+00
-3.108108108108108780e+00
-3.083083083083081988e+00
-3.058058058058058748e+00
-3.033033033033031955e+00
-3.008008008008008716e+00
-2.982982982982981923e+00
-2.957957957957958683e+00
-2.932932932932931891e+00
-2.907907907907905098e+00
-2.882882882882881859e+00
-2.857857857857855066e+00
-2.832832832832831826e+00
-2.807807807807805034e+00
-2.782782782782781794e+00
-2.757757757757755002e+00
-2.732732732732731762e+00
-2.707707707707704969e+00
-2.682682682682681730e+00
-2.657657657657654937e+00
-2.632632632632631697e+00
-2.607607607607604905e+00
-2.582582582582581665e+00
-2.557557557557554873e+00
-2.532532532532531633e+00
-2.507507507507504840e+00
-2.482482482482481601e+00
-2.457457457457454808e+00
-2.432432432432431568e+00
-2.407407407407404776e+00
-2.382382382382381536e+00
-2.357357357357354743e+00
-2.332332332332331504e+00
-2.307307307307304711e+00
-2.282282282282281471e+00
-2.257257257257254679e+00
-2.232232232232231439e+00
-2.207207207207204647e+00
-2.182182182182181407e+00
-2.157157157157154614e+00
-2.132132132132131375e+00
-2.107107107107104582e+00
-2.082082082082081342e+00
-2.057057057057054550e+00
-2.032032032032031310e+00
-2.007007007007004518e+00
-1.981981981981981278e+00
-1.956956956956954485e+00
-1.931931931931931246e+00
-1.906906906906904453e+00
-1.881881881881881213e+00
-1.856856856856854421e+00
-1.831831831831831181e+00
-1.806806806806804389e+00
-1.781781781781781149e+00
-1.756756756756754356e+00
-1.731731731731731116e+00
-1.706706706706704324e+00
-1.681681681681681084e+00
-1.656656656656654292e+00
-1.631631631631631052e+00
-1.606606606606604259e+00
-1.581581581581581020e+00
-1.556556556556554227e+00
-1.531531531531530987e+00
-1.506506506506504195e+00
-1.481481481481480955e+00
-1.456456456456454163e+00
-1.431431431431430923e+00
-1.406406406406404130e+00
-1.381381381381380891e+00
-1.356356356356354098e+00
-1.331331331331330858e+00
-1.306306306306304066e+00
-1.281281281281280826e+00
-1.256256256256254034e+00
-1.231231231231230794e+00
-1.206206206206204001e+00
-1.181181181181180762e+00
-1.156156156156153969e+00
-1.131131131131130729e+00
-1.106106106106103937e+00
-1.081081081081080697e+00
-1.056056056056053905e+00
-1.031031031031030665e+00
-1.006006006006003872e+00
-9.809809809809806325e-01
-9.559559559559538400e-01
-9.309309309309306002e-01
-9.059059059059038077e-01
-8.808808808808805679e-01
-8.558558558558537754e-01
-8.308308308308305357e-01
-8.058058058058037432e-01
-7.807807807807805034e-01
-7.557557557557537109e-01
-7.307307307307304711e-01
-7.057057057057036786e-01
-6.806806806806804389e-01
-6.556556556556536464e-01
-6.306306306306304066e-01
-6.056056056056036141e-01
-5.805805805805803743e-01
-5.555555555555535818e-01
-5.305305305305303420e-01
-5.055055055055035496e-01
-4.804804804804803098e-01
-4.554554554554535173e-01
-4.304304304304302775e-01
-4.054054054054034850e-01
-3.803803803803802452e-01
-3.553553553553534528e-01
-3.303303303303302130e-01
-3.053053053053034205e-01
-2.802802802802801807e-01
-2.552552552552533882e-01
-2.302302302302301484e-01
-2.052052052052033559e-01
-1.801801801801801162e-01
-1.551551551551533237e-01
-1.301301301301300839e-01
-1.051051051051032914e-01
-8.008008008008005163e-02
-5.505505505505325914e-02
-3.003003003003001936e-02
-5.005005005003226870e-03
2.002002002002001291e-02
4.504504504504680540e-02
7.007007007007004518e-02
9.509509509509683767e-02
1.201201201201200774e-01
1.451451451451468699e-01
1.701701701701701097e-01
1.951951951951969022e-01
2.202202202202201420e-01
2.452452452452469345e-01
2.702702702702701743e-01
2.952952952952969667e-01
3.203203203203202065e-01
3.453453453453469990e-01
3.703703703703702388e-01
3.953953953953970313e-01
4.204204204204202711e-01
4.454454454454470635e-01
4.704704704704703033e-01
4.954954954954970958e-01
5.205205205205203356e-01
5.455455455455471281e-01
5.705705705705703679e-01
5.955955955955971604e-01
6.206206206206204001e-01
6.456456456456471926e-01
6.706706706706704324e-01
6.956956956956972249e-01
7.207207207207204647e-01
7.457457457457472572e-01
7.707707707707704969e-01
7.957957957957972894e-01
8.208208208208205292e-01
8.458458458458473217e-01
8.708708708708705615e-01
8.958958958958973540e-01
9.209209209209205937e-01
9.459459459459473862e-01
9.709709709709706260e-01
9.959959959959974185e-01
1.021021021021020658e+00
1.046046046046047451e+00
1.071071071071070691e+00
1.096096096096097483e+00
1.121121121121120723e+00
1.146146146146147515e+00
1.171171171171170755e+00
1.196196196196197548e+00
1.221221221221220787e+00
1.246246246246247580e+00
1.271271271271270820e+00
1.296296296296297612e+00
1.321321321321320852e+00
1.346346346346347644e+00
1.371371371371374437e+00
1.396396396396397677e+00
1.421421421421424469e+00
1.446446446446447709e+00
1.471471471471474501e+00
1.496496496496497741e+00
1.521521521521524534e+00
1.546546546546547773e+00
1.571571571571574566e+00
1.596596596596597806e+00
1.621621621621624598e+00
1.646646646646647838e+00
1.671671671671674630e+00
1.696696696696697870e+00
1.721721721721724663e+00
1.746746746746747903e+00
1.771771771771774695e+00
1.796796796796797935e+00
1.821821821821824727e+00
1.846846846846847967e+00
1.871871871871874760e+00
1.896896896896897999e+00
1.921921921921924792e+00
1.946946946946948032e+00
1.971971971971974824e+00
1.996996996996998064e+00
2.022022022022024856e+00
2.047047047047048096e+00
2.072072072072074889e+00
2.097097097097098128e+00
2.122122122122124921e+00
2.147147147147148161e+00
2.172172172172174953e+00
2.197197197197198193e+00
2.222222222222224985e+00
2.247247247247248225e+00
2.272272272272275018e+00
2.297297297297298257e+00
2.322322322322325050e+00
2.347347347347348290e+00
2.372372372372375082e+00
2.397397397397398322e+00
2.422422422422425115e+00
2.447447447447448354e+00
2.472472472472475147e+00
2.497497497497498387e+00
2.522522522522525179e+00
2.547547547547548419e+00
2.572572572572575211e+00
2.597597597597598451e+00
2.622622622622625244e+00
2.647647647647648483e+00
2.672672672672675276e+00
2.697697697697698516e+00
2.722722722722725308e+00
2.747747747747748548e+00
2.772772772772775340e+00
2.797797797797798580e+00
2.822822822822825373e+00
2.847847847847848612e+00
2.872872872872875405e+00
2.897897897897898645e+00
2.922922922922925437e+00
2.947947947947948677e+00
2.972972972972975469e+00
2.997997997997998709e+00
3.023023023023025502e+00
3.048048048048048742e+00
3.073073073073075534e+00
3.098098098098098774e+00
3.123123123123125566e+00
3.148148148148148806e+00
3.173173173173175599e+00
3.198198198198198838e+00
3.223223223223225631e+00
3.248248248248248871e+00
3.273273273273275663e+00
3.298298298298298903e+00
3.323323323323325695e+00
3.348348348348348935e+00
3.373373373373375728e+00
3.398398398398398967e+00
3.423423423423425760e+00
3.448448448448449000e+00
3.473473473473475792e+00
3.498498498498499032e+00
3.523523523523525824e+00
3.548548548548549064e+00
3.573573573573575857e+00
3.598598598598599096e+00
3.623623623623625889e+00
3.648648648648649129e+00
3.673673673673675921e+00
3.698698698698699161e+00
3.723723723723725954e+00
3.748748748748749193e+00
3.773773773773775986e+00
3.798798798798799226e+00
3.823823823823826018e+00
3.848848848848849258e+00
3.873873873873876050e+00
3.898898898898899290e+00
3.923923923923926083e+00
3.948948948948949322e+00
3.973973973973976115e+00
3.998998998998999355e+00
4.024024024024026147e+00
4.049049049049049387e+00
4.074074074074076179e+00
4.099099099099099419e+00
4.124124124124126212e+00
4.149149149149149451e+00
4.174174174174176244e+00
4.199199199199199484e+00
4.224224224224226276e+00
4.249249249249249516e+00
4.274274274274276308e+00
4.299299299299299548e+00
4.324324324324326341e+00
4.349349349349349581e+00
4.374374374374376373e+00
4.399399399399399613e+00
4.424424424424426405e+00
4.449449449449449645e+00
4.474474474474476438e+00
4.499499499499499677e+00
4.524524524524526470e+00
4.549549549549549710e+00
4.574574574574576502e+00
4.599599599599599742e+00
4.624624624624626534e+00
4.649649649649649774e+00
4.674674674674676567e+00
4.699699699699699806e+00
4.724724724724726599e+00
4.749749749749749839e+00
4.774774774774776631e+00
4.799799799799799871e+00
4.824824824824826663e+00
4.849849849849849903e+00
4.874874874874876696e+00
4.899899899899899935e+00
4.924924924924926728e+00
4.949949949949949968e+00
4.974974974974976760e+00
5.000000000000000000e+00
