# Direct solution for m=2, c=1.0
# xi f residual
-5.000000000000000000e+00 3.162277660168379523e+00 -9.900682438654939688e-04
-4.993742177722152675e+00 3.160298143442214158e+00 -6.203443292385202312e-07
-4.987484355444305351e+00 3.158317386028296259e+00 -6.215117949182058510e-07
-4.981226533166458026e+00 3.156335385590846254e+00 -6.226834150524496181e-07
-4.974968710888610701e+00 3.154352139786745557e+00 -6.238588707851988602e-07
-4.968710888610763377e+00 3.152367646265505918e+00 -6.250377846406252047e-07
-4.962453066332916052e+00 3.150381902669235235e+00 -6.262199914175425874e-07
-4.956195244055068727e+00 3.148394906632606460e+00 -6.274066541855916057e-07
-4.949937421777221402e+00 3.146406655782822082e+00 -6.285968630059812767e-07
-4.943679599499374078e+00 3.144417147739585250e+00 -6.297907280128356433e-07
-4.937421777221526753e+00 3.142426380115062035e+00 -6.309885103306100973e-07
-4.931163954943679428e+00 3.140434350513852113e+00 -6.321900425376725252e-07
-4.924906132665832104e+00 3.138441056532950579e+00 -6.333952651260688071e-07
-4.918648310387984779e+00 3.136446495761719522e+00 -6.346042105143112622e-07
-4.912390488110137454e+00 3.134450665781848944e+00 -6.358178055165808473e-07
-4.906132665832290130e+00 3.132453564167325233e+00 -6.370342160444408819e-07
-4.899874843554442805e+00 3.130455188484397855e+00 -6.382549653238811516e-07
-4.893617021276595480e+00 3.128455536291540717e+00 -6.394798646169874701e-07
-4.887359198998748155e+00 3.126454605139421528e+00 -6.407081105663792187e-07
-4.881101376720900831e+00 3.124452392570864934e+00 -6.419410203406528126e-07
-4.874843554443053506e+00 3.122448896120816553e+00 -6.431775494419866845e-07
-4.868585732165206181e+00 3.120444113316310109e+00 -6.444178621833884790e-07
-4.862327909887358857e+00 3.118438041676428352e+00 -6.456621748363033930e-07
-4.856070087609511532e+00 3.116430678712270641e+00 -6.469104336659370347e-07
-4.849812265331664207e+00 3.114422021926914308e+00 -6.481633754162885452e-07
-4.843554443053816883e+00 3.112412068815380017e+00 -6.494199902284947257e-07
-4.837296620775969558e+00 3.110400816864594908e+00 -6.506805068084986488e-07
-4.831038798498122233e+00 3.108388263553355291e+00 -6.519449584629910532e-07
-4.824780976220274908e+00 3.106374406352291118e+00 -6.532136760384332774e-07
-4.818523153942427584e+00 3.104359242723827350e+00 -6.544869499691685633e-07
-4.812265331664581147e+00 3.102342770122147986e+00 -6.557630611858655811e-07
-4.806007509386733823e+00 3.100324985993156979e+00 -6.570453265908327012e-07
-4.799749687108886498e+00 3.098305887774441825e+00 -6.583305456331345340e-07
-4.793491864831039173e+00 3.096285472895236701e+00 -6.596198751651627390e-07
-4.787234042553191848e+00 3.094263738776380279e+00 -6.609138263335978536e-07
-4.780976220275344524e+00 3.092240682830281973e+00 -6.622116588417270577e-07
-4.774718397997497199e+00 3.090216302460880193e+00 -6.635140255006888310e-07
-4.768460575719649874e+00 3.088190595063604604e+00 -6.648207153681084947e-07
-4.762202753441802550e+00 3.086163558025336595e+00 -6.661316653833182500e-07
-4.755944931163955225e+00 3.084135188724370646e+00 -6.674466037637216687e-07
-4.749687108886107900e+00 3.082105484530374806e+00 -6.687660500936942753e-07
-4.743429286608260576e+00 3.080074442804348944e+00 -6.700901389322666546e-07
-4.737171464330413251e+00 3.078042060898587895e+00 -6.714182680944702497e-07
-4.730913642052565926e+00 3.076008336156638379e+00 -6.727508905512991078e-07
-4.724655819774718601e+00 3.073973265913260366e+00 -6.740878042421627470e-07
-4.718397997496871277e+00 3.071936847494385336e+00 -6.754293973010305763e-07
-4.712140175219023952e+00 3.069899078217074972e+00 -6.767754729963826321e-07
-4.705882352941176627e+00 3.067859955389481641e+00 -6.781256889354381201e-07
-4.699624530663329303e+00 3.065819476310804870e+00 -6.794805198495623699e-07
-4.693366708385481978e+00 3.063777638271250936e+00 -6.808400745406117949e-07
-4.687108886107634653e+00 3.061734438551989790e+00 -6.822039937404156262e-07
-4.680851063829787329e+00 3.059689874425114642e+00 -6.835721362286051317e-07
-4.674593241551940004e+00 3.057643943153597554e+00 -6.849452560686586367e-07
-4.668335419274092679e+00 3.055596641991247253e+00 -6.863232919762651818e-07
-4.662077596996245354e+00 3.053547968182666494e+00 -6.877060410026558657e-07
-4.655819774718398030e+00 3.051497918963208988e+00 -6.890927783942402129e-07
-4.649561952440550705e+00 3.049446491558935435e+00 -6.904839784382943435e-07
-4.643304130162703380e+00 3.047393683186569557e+00 -6.918806536582167155e-07
-4.637046307884856056e+00 3.045339491053454140e+00 -6.932815810323234018e-07
-4.630788485607008731e+00 3.043283912357507504e+00 -6.946871353719075159e-07
-4.624530663329161406e+00 3.041226944287177325e+00 -6.960978211623114476e-07
-4.618272841051314082e+00 3.039168584021398001e+00 -6.975130872888257727e-07
-4.612015018773466757e+00 3.037108828729542687e+00 -6.989335465945600845e-07
-4.605757196495619432e+00 3.035047675571380221e+00 -7.003584694409425992e-07
-4.599499374217772107e+00 3.032985121697029385e+00 -7.017877350357082378e-07
-4.593241551939924783e+00 3.030921164246910937e+00 -7.032227191672291156e-07
-4.586983729662077458e+00 3.028855800351702765e+00 -7.046624799222911406e-07
-4.580725907384230133e+00 3.026789027132294141e+00 -7.061067441860302552e-07
-4.574468085106382809e+00 3.024720841699736873e+00 -7.075559964597744056e-07
-4.568210262828535484e+00 3.022651241155200008e+00 -7.090102802642661572e-07
-4.561952440550688159e+00 3.020580222589920982e+00 -7.104700658899787413e-07
-4.555694618272840835e+00 3.018507783085158991e+00 -7.119342697592401237e-07
-4.549436795994993510e+00 3.016433919712147027e+00 -7.134037112166424777e-07
-4.543178973717146185e+00 3.014358629532042144e+00 -7.148783449650863986e-07
-4.536921151439298860e+00 3.012281909595879270e+00 -7.163576030144724882e-07
-4.530663329161451536e+00 3.010203756944520137e+00 -7.178425338594252025e-07
-4.524405506883604211e+00 3.008124168608604432e+00 -7.193322675291824453e-07
-4.518147684605756886e+00 3.006043141608502278e+00 -7.208271770586804905e-07
-4.511889862327909562e+00 3.003960672954261391e+00 -7.223273996714851819e-07
-4.505632040050062237e+00 3.001876759645559556e+00 -7.238326431568964381e-07
-4.499374217772214912e+00 2.999791398671652676e+00 -7.253432730003339657e-07
-4.493116395494367588e+00 2.997704587011324584e+00 -7.268595960674417711e-07
-4.486858573216521151e+00 2.995616321632835977e+00 -7.283798710844280322e-07
-4.480600750938673826e+00 2.993526599493872453e+00 -7.299069975097438601e-07
-4.474342928660826502e+00 2.991435417541493891e+00 -7.314386052392762849e-07
-4.468085106382979177e+00 2.989342772712082041e+00 -7.329757711893591932e-07
-4.461827284105131852e+00 2.987248661931286797e+00 -7.345187169605083000e-07
-4.455569461827284528e+00 2.985153082113975564e+00 -7.360665987832248902e-07
-4.449311639549437203e+00 2.983056030164179528e+00 -7.376195694241971523e-07
-4.443053817271589878e+00 2.980957502975039031e+00 -7.391787937294225230e-07
-4.436795994993742553e+00 2.978857497428751611e+00 -7.407431898975858076e-07
-4.430538172715895229e+00 2.976756010396517382e+00 -7.423127348360480937e-07
-4.424280350438047904e+00 2.974653038738483968e+00 -7.438884743748985784e-07
-4.418022528160200579e+00 2.972548579303692762e+00 -7.454697641406937691e-07
-4.411764705882353255e+00 2.970442628930022977e+00 -7.470565437373011264e-07
-4.405506883604505930e+00 2.968335184444137465e+00 -7.486485897878480955e-07
-4.399249061326658605e+00 2.966226242661425427e+00 -7.502465124709090105e-07
-4.392991239048811281e+00 2.964115800385946908e+00 -7.518502500580837022e-07
-4.386733416770963956e+00 2.962003854410376835e+00 -7.534595640734664812e-07
-4.380475594493116631e+00 2.959890401515946845e+00 -7.550750216189783259e-07
-4.374217772215269306e+00 2.957775438472389773e+00 -7.566957407334484742e-07
-4.367959949937421982e+00 2.955658962037881032e+00 -7.583221095508463350e-07
-4.361702127659574657e+00 2.953540968958979995e+00 -7.599547604542067347e-07
-4.355444305381727332e+00 2.951421455970572705e+00 -7.615933013127573759e-07
-4.349186483103880008e+00 2.949300419795813255e+00 -7.632380274458228087e-07
-4.342928660826032683e+00 2.947177857146063840e+00 -7.648881443778066114e-07
-4.336670838548185358e+00 2.945053764720836131e+00 -7.665442058879534670e-07
-4.330413016270338034e+00 2.942928139207730442e+00 -7.682063332126176647e-07
-4.324155193992490709e+00 2.940800977282376660e+00 -7.698741724126989538e-07
-4.317897371714643384e+00 2.938672275608372075e+00 -7.715485605963579019e-07
-4.311639549436796059e+00 2.936542030837221429e+00 -7.732292526263506716e-07
-4.305381727158948735e+00 2.934410239608275628e+00 -7.749158528191912865e-07
-4.299123904881101410e+00 2.932276898548669131e+00 -7.766079863635866332e-07
-4.292866082603254085e+00 2.930142004273258660e+00 -7.783066982014474888e-07
-4.286608260325406761e+00 2.928005553384558368e+00 -7.800119297129981533e-07
-4.280350438047559436e+00 2.925867542472679883e+00 -7.817229357165444981e-07
-4.274092615769712111e+00 2.923727968115266584e+00 -7.834401478667984975e-07
-4.267834793491864787e+00 2.921586826877430099e+00 -7.851641075085069588e-07
-4.261576971214017462e+00 2.919444115311686350e+00 -7.868944047473291903e-07
-4.255319148936170137e+00 2.917299829957891166e+00 -7.886307993310026632e-07
-4.249061326658322812e+00 2.915153967343173669e+00 -7.903735976810821739e-07
-4.242803504380475488e+00 2.913006523981872320e+00 -7.921225795293196370e-07
-4.236545682102628163e+00 2.910857496375467868e+00 -7.938785766548051015e-07
-4.230287859824780838e+00 2.908706881012516288e+00 -7.956407066522785954e-07
-4.224030037546933514e+00 2.906554674368584390e+00 -7.974091444928887995e-07
-4.217772215269086189e+00 2.904400872906178765e+00 -7.991847499333459837e-07
-4.211514392991238864e+00 2.902245473074680948e+00 -8.009667800124020687e-07
-4.205256570713391540e+00 2.900088471310277694e+00 -8.027551570144453308e-07
-4.198998748435544215e+00 2.897929864035893033e+00 -8.045505617282344701e-07
-4.192740926157696890e+00 2.895769647661117663e+00 -8.063526166779411142e-07
-4.186483103879849565e+00 2.893607818582141444e+00 -8.081609355059526933e-07
-4.180225281602002241e+00 2.891444373181681016e+00 -8.099761568125529720e-07
-4.173967459324154916e+00 2.889279307828910959e+00 -8.117985905720104256e-07
-4.167709637046307591e+00 2.887112618879390968e+00 -8.136278215609138442e-07
-4.161451814768460267e+00 2.884944302674996131e+00 -8.154637294310873585e-07
-4.155193992490612942e+00 2.882774355543844091e+00 -8.173063097416388700e-07
-4.148936170212765617e+00 2.880602773800221783e+00 -8.191562059778334515e-07
-4.142678347934918293e+00 2.878429553744513036e+00 -8.210131046126889487e-07
-4.136420525657070968e+00 2.876254691663125751e+00 -8.228767294227168350e-07
-4.130162703379223643e+00 2.874078183828416400e+00 -8.247478242573436091e-07
-4.123904881101376318e+00 2.871900026498616310e+00 -8.266258282318972306e-07
-4.117647058823528994e+00 2.869720215917757056e+00 -8.285107981897965601e-07
-4.111389236545681669e+00 2.867538748315594077e+00 -8.304031839934111758e-07
-4.105131414267834344e+00 2.865355619907530738e+00 -8.323026832179891699e-07
-4.098873591989987020e+00 2.863170826894541943e+00 -8.342096529112552616e-07
-4.092615769712139695e+00 2.860984365463096868e+00 -8.361237173737379180e-07
-4.086357947434293258e+00 2.858796231785082576e+00 -8.380447056310913467e-07
-4.080100125156445934e+00 2.856606422017721858e+00 -8.399737958519892800e-07
-4.073842302878598609e+00 2.854414932303500407e+00 -8.419098009859737886e-07
-4.067584480600751284e+00 2.852221758770082438e+00 -8.438533201093889602e-07
-4.061326658322903960e+00 2.850026897530233416e+00 -8.458044002956910390e-07
-4.055068836045056635e+00 2.847830344681739234e+00 -8.477634301229386438e-07
-4.048811013767209310e+00 2.845632096307324499e+00 -8.497294938791810637e-07
-4.042553191489361986e+00 2.843432148474572596e+00 -8.517030933852254293e-07
-4.036295369211514661e+00 2.841230497235841757e+00 -8.536847171392025757e-07
-4.030037546933667336e+00 2.839027138628184233e+00 -8.556738682052866807e-07
-4.023779724655820011e+00 2.836822068673261033e+00 -8.576708423468915043e-07
-4.017521902377972687e+00 2.834615283377260209e+00 -8.596755143308598690e-07
-4.011264080100125362e+00 2.832406778730811148e+00 -8.616879507705732522e-07
-4.005006257822278037e+00 2.830196550708900194e+00 -8.637085588958370863e-07
-3.998748435544430713e+00 2.827984595270784052e+00 -8.657366361575213887e-07
-3.992490613266583388e+00 2.825770908359905853e+00 -8.677725533701163840e-07
-3.986232790988736063e+00 2.823555485903805007e+00 -8.698171956034173036e-07
-3.979974968710888739e+00 2.821338323814032822e+00 -8.718695938547682545e-07
-3.973717146433041414e+00 2.819119417986063691e+00 -8.739297610027563223e-07
-3.967459324155194089e+00 2.816898764299204938e+00 -8.759981158235063958e-07
-3.961201501877346765e+00 2.814676358616509333e+00 -8.780749056747083614e-07
-3.954943679599499440e+00 2.812452196784684499e+00 -8.801598507801600135e-07
-3.948685857321652115e+00 2.810226274634002319e+00 -8.822526833540678126e-07
-3.942428035043804790e+00 2.807998587978207894e+00 -8.843541219327732961e-07
-3.936170212765957466e+00 2.805769132614427175e+00 -8.864641460881728108e-07
-3.929912390488110141e+00 2.803537904323075036e+00 -8.885822908588636437e-07
-3.923654568210262816e+00 2.801304898867762461e+00 -8.907090429666197906e-07
-3.917396745932415492e+00 2.799070111995201504e+00 -8.928441030953138124e-07
-3.911138923654568167e+00 2.796833539435112037e+00 -8.949875458519329641e-07
-3.904881101376720842e+00 2.794595176900124933e+00 -8.971398490764670441e-07
-3.898623279098873518e+00 2.792355020085688810e+00 -8.993008138169500398e-07
-3.892365456821026193e+00 2.790113064669970111e+00 -9.014706892074286770e-07
-3.886107634543178868e+00 2.787869306313758511e+00 -9.036490826730414483e-07
-3.879849812265331543e+00 2.785623740660368330e+00 -9.058358463320814735e-07
-3.873591989987484219e+00 2.783376363335538617e+00 -9.080319531840075342e-07
-3.867334167709636894e+00 2.781127169947334998e+00 -9.102368383473447011e-07
-3.861076345431789569e+00 2.778876156086049765e+00 -9.124505888635781048e-07
-3.854818523153942245e+00 2.776623317324098839e+00 -9.146736856813220129e-07
-3.848560700876094920e+00 2.774368649215923632e+00 -9.169052219704099116e-07
-3.842302878598247595e+00 2.772112147297885798e+00 -9.191461423085911520e-07
-3.836045056320400271e+00 2.769853807088164643e+00 -9.213963405585445798e-07
-3.829787234042552946e+00 2.767593624086654991e+00 -9.236552656055607713e-07
-3.823529411764705621e+00 2.765331593774860597e+00 -9.259238074044162659e-07
-3.817271589486858296e+00 2.763067711615789790e+00 -9.282016089073863441e-07
-3.811013767209010972e+00 2.760801973053848446e+00 -9.304889379002645455e-07
-3.804755944931163647e+00 2.758534373514734295e+00 -9.327855088336889366e-07
-3.798498122653316766e+00 2.756264908405328562e+00 -9.350914655925635088e-07
-3.792240300375469442e+00 2.753993573113586280e+00 -9.374070475409723713e-07
-3.785982478097622117e+00 2.751720363008429704e+00 -9.397320459569868945e-07
-3.779724655819774792e+00 2.749445273439635073e+00 -9.420669617732357892e-07
-3.773466833541927468e+00 2.747168299737723363e+00 -9.444113655554531306e-07
-3.767209011264080143e+00 2.744889437213848815e+00 -9.467652581918173382e-07
-3.760951188986232818e+00 2.742608681159684814e+00 -9.491295536179222836e-07
-3.754693366708385494e+00 2.740326026847311081e+00 -9.515033458917798725e-07
-3.748435544430538169e+00 2.738041469529100436e+00 -9.538867362657299509e-07
-3.742177722152690844e+00 2.735755004437601556e+00 -9.562806426721692787e-07
-3.735919899874843519e+00 2.733466626785424403e+00 -9.586842648623417062e-07
-3.729662077596996195e+00 2.731176331765122978e+00 -9.610980806762370321e-07
-3.723404255319148870e+00 2.728884114549076756e+00 -9.635221429604712284e-07
-3.717146433041301545e+00 2.726589970289372999e+00 -9.659564992325897492e-07
-3.710888610763454221e+00 2.724293894117686410e+00 -9.684009611987676180e-07
-3.704630788485607340e+00 2.721995881145159668e+00 -9.708555053222767128e-07
-3.698372966207760015e+00 2.719695926462279978e+00 -9.733206489670465089e-07
-3.692115143929912691e+00 2.717394025138758717e+00 -9.757961421108518607e-07
-3.685857321652065366e+00 2.715090172223407095e+00 -9.782821743797853742e-07
-3.679599499374218041e+00 2.712784362744012245e+00 -9.807790917193415225e-07
-3.673341677096370717e+00 2.710476591707211558e+00 -9.832866934011974536e-07
-3.667083854818523392e+00 2.708166854098366993e+00 -9.858043550359241181e-07
-3.660826032540676067e+00 2.705855144881438967e+00 -9.883330154281111390e-07
-3.654568210262828742e+00 2.703541458998854896e+00 -9.908729747820643752e-07
-3.648310387984981418e+00 2.701225791371384410e+00 -9.934231610664312484e-07
-3.642052565707134093e+00 2.698908136898006571e+00 -9.959847333540494674e-07
-3.635794743429286768e+00 2.696588490455778420e+00 -9.985572049231450364e-07
-3.629536921151439444e+00 2.694266846899705303e+00 -1.001140778722486857e-06
-3.623279098873592119e+00 2.691943201062604984e+00 -1.003735972560093614e-06
-3.617021276595744794e+00 2.689617547754975746e+00 -1.006341593168258441e-06
-3.610763454317897470e+00 2.687289881764860056e+00 -1.008958668169412931e-06
-3.604505632040050145e+00 2.684960197857707787e+00 -1.011587566601690469e-06
-3.598247809762202820e+00 2.682628490776239882e+00 -1.014227799078781800e-06
-3.591989987484355495e+00 2.680294755240309357e+00 -1.016879232818013179e-06
-3.585732165206508171e+00 2.677958985946763182e+00 -1.019542266611495052e-06
-3.579474342928660846e+00 2.675621177569298847e+00 -1.022217174906359105e-06
-3.573216520650813521e+00 2.673281324758325361e+00 -1.024903653501496592e-06
-3.566958698372966197e+00 2.670939422140818920e+00 -1.027601976844039200e-06
-3.560700876095118872e+00 2.668595464320179911e+00 -1.030312311911529832e-06
-3.554443053817271547e+00 2.666249445876087254e+00 -1.033034021435952354e-06
-3.548185231539424223e+00 2.663901361364352294e+00 -1.035768198320852207e-06
-3.541927409261576898e+00 2.661551205316770474e+00 -1.038514713336269324e-06
-3.535669586983729573e+00 2.659198972240975234e+00 -1.041272908341994707e-06
-3.529411764705882248e+00 2.656844656620285683e+00 -1.044043266507088674e-06
-3.523153942428034924e+00 2.654488252913557389e+00 -1.046826251904775518e-06
-3.516896120150187599e+00 2.652129755555028279e+00 -1.049621543014467306e-06
-3.510638297872340274e+00 2.649769158954168535e+00 -1.052429462244930392e-06
-3.504380475594492950e+00 2.647406457495521170e+00 -1.055249781778400120e-06
-3.498122653316645625e+00 2.645041645538551922e+00 -1.058082322646924922e-06
-3.491864831038798300e+00 2.642674717417487162e+00 -1.060928125351523477e-06
-3.485607008760950976e+00 2.640305667441158466e+00 -1.063786237764929865e-06
-3.479349186483103651e+00 2.637934489892841849e+00 -1.066657443704599473e-06
-3.473091364205256326e+00 2.635561179030096568e+00 -1.069542017173574777e-06
-3.466833541927409001e+00 2.633185729084603910e+00 -1.072439059779384252e-06
-3.460575719649561677e+00 2.630808134262003328e+00 -1.075349375323497725e-06
-3.454317897371714352e+00 2.628428388741726351e+00 -1.078272796384283083e-06
-3.448060075093867027e+00 2.626046486676832270e+00 -1.081209451303521973e-06
-3.441802252816020147e+00 2.623662422193838495e+00 -1.084159429343145575e-06
-3.435544430538172822e+00 2.621276189392553579e+00 -1.087123029375192118e-06
-3.429286608260325497e+00 2.618887782345904913e+00 -1.090100200773491679e-06
-3.423028785982478173e+00 2.616497195099768636e+00 -1.093090959525255812e-06
-3.416770963704630848e+00 2.614104421672795553e+00 -1.096095191499557586e-06
-3.410513141426783523e+00 2.611709456056237499e+00 -1.099113418057129365e-06
-3.404255319148936199e+00 2.609312292213768814e+00 -1.102145597897674634e-06
-3.397997496871088874e+00 2.606912924081312255e+00 -1.105191282935180652e-06
-3.391739674593241549e+00 2.604511345566857816e+00 -1.108251487025313509e-06
-3.385481852315394224e+00 2.602107550550281978e+00 -1.111326094260789432e-06
-3.379224030037546900e+00 2.599701532883167854e+00 -1.114414352354486937e-06
-3.372966207759699575e+00 2.597293286388620004e+00 -1.117516878590407714e-06
-3.366708385481852250e+00 2.594882804861079695e+00 -1.120633988271890757e-06
-3.360450563204004926e+00 2.592470082066138382e+00 -1.123765744903693076e-06
-3.354192740926157601e+00 2.590055111740349858e+00 -1.126912377191757741e-06
-3.347934918648310720e+00 2.587637887591040187e+00 -1.130073336685910590e-06
-3.341677096370463396e+00 2.585218403296117629e+00 -1.133249013296477870e-06
-3.335419274092616071e+00 2.582796652503876800e+00 -1.136440131332960846e-06
-3.329161451814768746e+00 2.580372628832808157e+00 -1.139645630310326396e-06
-3.322903629536921422e+00 2.577946325871398603e+00 -1.142866588477176037e-06
-3.316645807259074097e+00 2.575517737177934308e+00 -1.146102732718645711e-06
-3.310387984981226772e+00 2.573086856280303092e+00 -1.149353865859126245e-06
-3.304130162703379447e+00 2.570653676675790145e+00 -1.152620687783212361e-06
-3.297872340425532123e+00 2.568218191830877739e+00 -1.155902975558120716e-06
-3.291614518147684798e+00 2.565780395181039175e+00 -1.159200746947419702e-06
-3.285356695869837473e+00 2.563340280130532278e+00 -1.162514465580244405e-06
-3.279098873591990149e+00 2.560897840052191565e+00 -1.165843917405595676e-06
-3.272841051314142824e+00 2.558453068287219079e+00 -1.169189312921758983e-06
-3.266583229036295499e+00 2.556005958144970780e+00 -1.172550684991335856e-06
-3.260325406758448175e+00 2.553556502902744718e+00 -1.175928016738936321e-06
-3.254067584480600850e+00 2.551104695805564315e+00 -1.179321530653254513e-06
-3.247809762202753525e+00 2.548650530065961650e+00 -1.182731586002461199e-06
-3.241551939924906200e+00 2.546193998863757635e+00 -1.186158372856738197e-06
-3.235294117647058876e+00 2.543735095345841746e+00 -1.189601587903155178e-06
-3.229036295369211551e+00 2.541273812625948203e+00 -1.193061378135240602e-06
-3.222778473091364226e+00 2.538810143784432150e+00 -1.196538153447335162e-06
-3.216520650813516902e+00 2.536344081868040501e+00 -1.200031464865247699e-06
-3.210262828535669577e+00 2.533875619889685904e+00 -1.203542161931636656e-06
-3.204005006257822252e+00 2.531404750828212258e+00 -1.207069940889482496e-06
-3.197747183979974928e+00 2.528931467628166008e+00 -1.210614730684511642e-06
-3.191489361702127603e+00 2.526455763199556781e+00 -1.214177301367413975e-06
-3.185231539424280278e+00 2.523977630417623352e+00 -1.217757134241992389e-06
-3.178973717146432953e+00 2.521497062122592503e+00 -1.221354628988535751e-06
-3.172715894868585629e+00 2.519014051119439657e+00 -1.224969834012767933e-06
-3.166458072590738304e+00 2.516528590177643299e+00 -1.228603149439067010e-06
-3.160200250312890979e+00 2.514040672030940282e+00 -1.232254382088626699e-06
-3.153942428035043655e+00 2.511550289377078471e+00 -1.235923398734684042e-06
-3.147684605757196330e+00 2.509057434877566273e+00 -1.239610929459900035e-06
-3.141426783479349005e+00 2.506562101157419509e+00 -1.243316833932084364e-06
-3.135168961201501681e+00 2.504064280804908282e+00 -1.247040860352655045e-06
-3.128911138923654356e+00 2.501563966371299852e+00 -1.250784083861589124e-06
-3.122653316645807031e+00 2.499061150370597506e+00 -1.254546035500681000e-06
-3.116395494367959706e+00 2.496555825279282548e+00 -1.258326630892980802e-06
-3.110137672090112382e+00 2.494047983536047397e+00 -1.262126454459888691e-06
-3.103879849812265057e+00 2.491537617541531358e+00 -1.265945074546692695e-06
-3.097622027534417732e+00 2.489024719658050167e+00 -1.269783223900589064e-06
-3.091364205256570408e+00 2.486509282209326432e+00 -1.273640890975258344e-06
-3.085106382978723527e+00 2.483991297480216076e+00 -1.277517855946541658e-06
-3.078848560700876202e+00 2.481470757716429887e+00 -1.281414895526467035e-06
-3.072590738423028878e+00 2.478947655124258187e+00 -1.285331630906938472e-06
-3.066332916145181553e+00 2.476421981870287503e+00 -1.289268375614938122e-06
-3.060075093867334228e+00 2.473893730081118125e+00 -1.293225155851729369e-06
-3.053817271589486904e+00 2.471362891843076337e+00 -1.297202098182737018e-06
-3.047559449311639579e+00 2.468829459201927090e+00 -1.301199787917539652e-06
-3.041301627033792254e+00 2.466293424162580017e+00 -1.305217860458895984e-06
-3.035043804755944929e+00 2.463754778688798552e+00 -1.309256692838545177e-06
-3.028785982478097605e+00 2.461213514702898397e+00 -1.313316622120197508e-06
-3.022528160200250280e+00 2.458669624085452643e+00 -1.317397332112335562e-06
-3.016270337922402955e+00 2.456123098674984018e+00 -1.321499083939414732e-06
-3.010012515644555631e+00 2.453573930267663794e+00 -1.325622378534063728e-06
-3.003754693366708306e+00 2.451022110617000482e+00 -1.329767066238218831e-06
-2.997496871088860981e+00 2.448467631433530300e+00 -1.333933488112393206e-06
-2.991239048811013657e+00 2.445910484384501427e+00 -1.338121867089370198e-06
-2.984981226533166332e+00 2.443350661093559140e+00 -1.342331677811614554e-06
-2.978723404255319007e+00 2.440788153140423411e+00 -1.346564034498953788e-06
-2.972465581977471683e+00 2.438222952060566495e+00 -1.350818783052432082e-06
-2.966207759699624358e+00 2.435655049344887857e+00 -1.355095639254955131e-06
-2.959949937421777033e+00 2.433084436439383769e+00 -1.359395112476846634e-06
-2.953692115143929708e+00 2.430511104744814688e+00 -1.363717534452746349e-06
-2.947434292866082828e+00 2.427935045616370413e+00 -1.368062907403100326e-06
-2.941176470588235503e+00 2.425356250363329913e+00 -1.372431547519425976e-06
-2.934918648310388178e+00 2.422774710248721597e+00 -1.376823361098900023e-06
-2.928660826032540854e+00 2.420190416488975593e+00 -1.381238747377722120e-06
-2.922403003754693529e+00 2.417603360253576916e+00 -1.385677635301618693e-06
-2.916145181476846204e+00 2.415013532664711970e+00 -1.390140146551033240e-06
-2.909887359198998880e+00 2.412420924796914168e+00 -1.394626887307737206e-06
-2.903629536921151555e+00 2.409825527676703771e+00 -1.399138039204217421e-06
-2.897371714643304230e+00 2.407227332282227295e+00 -1.403673250965908892e-06
-2.891113892365456906e+00 2.404626329542890684e+00 -1.408233135880010423e-06
-2.884856070087609581e+00 2.402022510338988948e+00 -1.412817753010386923e-06
-2.878598247809762256e+00 2.399415865501335787e+00 -1.417427208050270337e-06
-2.872340425531914931e+00 2.396806385810883455e+00 -1.422061865152812743e-06
-2.866082603254067607e+00 2.394194061998344836e+00 -1.426721878416969957e-06
-2.859824780976220282e+00 2.391578884743808864e+00 -1.431407164353970529e-06
-2.853566958698372957e+00 2.388960844676351503e+00 -1.436118477027292784e-06
-2.847309136420525633e+00 2.386339932373644501e+00 -1.440855669887497470e-06
-2.841051314142678308e+00 2.383716138361561931e+00 -1.445618851736441002e-06
-2.834793491864830983e+00 2.381089453113776067e+00 -1.450408346315157360e-06
-2.828535669586983659e+00 2.378459867051358589e+00 -1.455223979984765492e-06
-2.822277847309136334e+00 2.375827370542370254e+00 -1.460066727076991810e-06
-2.816020025031289009e+00 2.373191953901449214e+00 -1.464936456585519409e-06
-2.809762202753441684e+00 2.370553607389397133e+00 -1.469833333711534351e-06
-2.803504380475594360e+00 2.367912321212757298e+00 -1.474757405084403672e-06
-2.797246558197747035e+00 2.365268085523392294e+00 -1.479708779061894575e-06
-2.790988735919899710e+00 2.362620890418054120e+00 -1.484688233244213507e-06
-2.784730913642052386e+00 2.359970725937952096e+00 -1.489695709011584768e-06
-2.778473091364205061e+00 2.357317582068315875e+00 -1.494731460827125602e-06
-2.772215269086358180e+00 2.354661448737953133e+00 -1.499795255544000838e-06
-2.765957446808510856e+00 2.352002315818805034e+00 -1.504888043513119555e-06
-2.759699624530663531e+00 2.349340173125494147e+00 -1.510009641769727295e-06
-2.753441802252816206e+00 2.346675010414870588e+00 -1.515160305221030512e-06
-2.747183979974968882e+00 2.344006817385550612e+00 -1.520340355387617137e-06
-2.740926157697121557e+00 2.341335583677453869e+00 -1.525549918390822768e-06
-2.734668335419274232e+00 2.338661298871332672e+00 -1.530789543124910779e-06
-2.728410513141426907e+00 2.335983952488298598e+00 -1.536059059503713797e-06
-2.722152690863579583e+00 2.333303533989343315e+00 -1.541358712664475661e-06
-2.715894868585732258e+00 2.330620032774854522e+00 -1.546688995546219303e-06
-2.709637046307884933e+00 2.327933438184127013e+00 -1.552050275854810479e-06
-2.703379224030037609e+00 2.325243739494867512e+00 -1.557442675714781899e-06
-2.697121401752190284e+00 2.322550925922697740e+00 -1.562866057902567718e-06
-2.690863579474342959e+00 2.319854986620647708e+00 -1.568321017497709136e-06
-2.684605757196495635e+00 2.317155910678647235e+00 -1.573807821397821272e-06
-2.678347934918648310e+00 2.314453687123010361e+00 -1.579326831091520944e-06
-2.672090112640800985e+00 2.311748304915913987e+00 -1.584878090987729138e-06
-2.665832290362953660e+00 2.309039752954874292e+00 -1.590461935929710080e-06
-2.659574468085106336e+00 2.306328020072212492e+00 -1.596078760712771327e-06
-2.653316645807259011e+00 2.303613095034519276e+00 -1.601728439659666492e-06
-2.647058823529411686e+00 2.300894966542111231e+00 -1.607411642901013238e-06
-2.640801001251564362e+00 2.298173623228481954e+00 -1.613128669752939004e-06
-2.634543178973717037e+00 2.295449053659748273e+00 -1.618879585052468428e-06
-2.628285356695869712e+00 2.292721246334089358e+00 -1.624664733412828355e-06
-2.622027534418022388e+00 2.289990189681179622e+00 -1.630484438130963554e-06
-2.615769712140175063e+00 2.287255872061617623e+00 -1.636338933685976826e-06
-2.609511889862327738e+00 2.284518281766345638e+00 -1.642228825815550408e-06
-2.603254067584480413e+00 2.281777407016065684e+00 -1.648153700628540719e-06
-2.596996245306633533e+00 2.279033235960648884e+00 -1.654114524463068392e-06
-2.590738423028786208e+00 2.276285756678535499e+00 -1.660111222268056963e-06
-2.584480600750938883e+00 2.273534957176132298e+00 -1.666144337608699288e-06
-2.578222778473091559e+00 2.270780825387202384e+00 -1.672214252401715839e-06
-2.571964956195244234e+00 2.268023349172245240e+00 -1.678321217113420971e-06
-2.565707133917396909e+00 2.265262516317875452e+00 -1.684464875140179174e-06
-2.559449311639549585e+00 2.262498314536189881e+00 -1.690646333152301395e-06
-2.553191489361702260e+00 2.259730731464128173e+00 -1.696865918443535293e-06
-2.546933667083854935e+00 2.256959754662831941e+00 -1.703123501783920801e-06
-2.540675844806007611e+00 2.254185371616987510e+00 -1.709419739981399289e-06
-2.534418022528160286e+00 2.251407569734170000e+00 -1.715754924802581627e-06
-2.528160200250312961e+00 2.248626336344174970e+00 -1.722129345349543428e-06
-2.521902377972465636e+00 2.245841658698344290e+00 -1.728543133072690807e-06
-2.515644555694618312e+00 2.243053523968885798e+00 -1.734997031821450264e-06
-2.509386733416770987e+00 2.240261919248180522e+00 -1.741491213458346010e-06
-2.503128911138923662e+00 2.237466831548089452e+00 -1.748025596270963433e-06
-2.496871088861076338e+00 2.234668247799246110e+00 -1.754601206993555707e-06
-2.490613266583229013e+00 2.231866154850343786e+00 -1.761218459073177200e-06
-2.484355444305381688e+00 2.229060539467415225e+00 -1.767877210845369973e-06
-2.478097622027534364e+00 2.226251388333102987e+00 -1.774577855773173951e-06
-2.471839799749687039e+00 2.223438688045922706e+00 -1.781321043115013936e-06
-2.465581977471839714e+00 2.220622425119515686e+00 -1.788107169442554323e-06
-2.459324155193992389e+00 2.217802585981895724e+00 -1.794936205001818053e-06
-2.453066332916145065e+00 2.214979156974685726e+00 -1.801808963808326780e-06
-2.446808510638297740e+00 2.212152124352345428e+00 -1.808725752283635302e-06
-2.440550688360450415e+00 2.209321474281391584e+00 -1.815686885731082612e-06
-2.434292866082603091e+00 2.206487192839606148e+00 -1.822692818009841176e-06
-2.428035043804755766e+00 2.203649266015241359e+00 -1.829743764947266982e-06
-2.421777221526908441e+00 2.200807679706206610e+00 -1.836840457958288653e-06
-2.415519399249061561e+00 2.197962419719255323e+00 -1.843983146621042124e-06
-2.409261576971214236e+00 2.195113471769154057e+00 -1.851172287015145912e-06
-2.403003754693366911e+00 2.192260821477848953e+00 -1.858407887134205794e-06
-2.396745932415519587e+00 2.189404454373617970e+00 -1.865691208191577743e-06
-2.390488110137672262e+00 2.186544355890212454e+00 -1.873022111187339078e-06
-2.384230287859824937e+00 2.183680511365994281e+00 -1.880400821718808402e-06
-2.377972465581977612e+00 2.180812906043055222e+00 -1.887828457558526907e-06
-2.371714643304130288e+00 2.177941525066332318e+00 -1.895305289600912602e-06
-2.365456821026282963e+00 2.175066353482708159e+00 -1.902831193500986728e-06
-2.359198998748435638e+00 2.172187376240104939e+00 -1.910407057881258197e-06
-2.352941176470588314e+00 2.169304578186561638e+00 -1.918033632808402444e-06
-2.346683354192740989e+00 2.166417944069306767e+00 -1.925710824579596192e-06
-2.340425531914893664e+00 2.163527458533814674e+00 -1.933439392587388284e-06
-2.334167709637046340e+00 2.160633106122854308e+00 -1.941219988310649569e-06
-2.327909887359199015e+00 2.157734871275522881e+00 -1.949052732985734337e-06
-2.321652065081351690e+00 2.154832738326272867e+00 -1.956938270541996872e-06
-2.315394242803504365e+00 2.151926691503920352e+00 -1.964877215154814394e-06
-2.309136420525657041e+00 2.149016714930648053e+00 -1.972869879018901429e-06
-2.302878598247809716e+00 2.146102792620991906e+00 -1.980917176069851848e-06
-2.296620775969962391e+00 2.143184908480816109e+00 -1.989019156933835575e-06
-2.290362953692115067e+00 2.140263046306278394e+00 -1.997176296786307148e-06
-2.284105131414267742e+00 2.137337189782776203e+00 -2.005389450943084739e-06
-2.277847309136420417e+00 2.134407322483888425e+00 -2.013659285537983124e-06
-2.271589486858573093e+00 2.131473427870294923e+00 -2.021985959110850217e-06
-2.265331664580725768e+00 2.128535489288692073e+00 -2.030370079619814305e-06
-2.259073842302878443e+00 2.125593489970685201e+00 -2.038812601412587355e-06
-2.252816020025031118e+00 2.122647413031674812e+00 -2.047313544917273020e-06
-2.246558197747183794e+00 2.119697241469726379e+00 -2.055873658424189898e-06
-2.240300375469336913e+00 2.116742958164423261e+00 -2.064493592968119628e-06
-2.234042553191489588e+00 2.113784545875709409e+00 -2.073174090622131871e-06
-2.227784730913642264e+00 2.110821987242715192e+00 -2.081915617679896968e-06
-2.221526908635794939e+00 2.107855264782568128e+00 -2.090718734581997751e-06
-2.215269086357947614e+00 2.104884360889190287e+00 -2.099584039072510677e-06
-2.209011264080100290e+00 2.101909257832078826e+00 -2.108512072940271764e-06
-2.202753441802252965e+00 2.098929937755070974e+00 -2.117503553833444130e-06
-2.196495619524405640e+00 2.095946382675093922e+00 -2.126559190962495904e-06
-2.190237797246558316e+00 2.092958574480899170e+00 -2.135679570081094880e-06
-2.183979974968710991e+00 2.089966494931778218e+00 -2.144865486108926689e-06
-2.177722152690863666e+00 2.086970125656265385e+00 -2.154117349384421232e-06
-2.171464330413016341e+00 2.083969448150819748e+00 -2.163435773194777312e-06
-2.165206508135169017e+00 2.080964443778494211e+00 -2.172821474299979627e-06
-2.158948685857321692e+00 2.077955093767582806e+00 -2.182275474105210833e-06
-2.152690863579474367e+00 2.074941379210253345e+00 -2.191798250894549938e-06
-2.146433041301627043e+00 2.071923281061162747e+00 -2.201390298495198294e-06
-2.140175219023779718e+00 2.068900780136050610e+00 -2.211052592571149944e-06
-2.133917396745932393e+00 2.065873857110318568e+00 -2.220785883633169533e-06
-2.127659574468085069e+00 2.062842492517587001e+00 -2.230590759211281693e-06
-2.121401752190237744e+00 2.059806666748235315e+00 -2.240467862790751497e-06
-2.115143929912390419e+00 2.056766360047922682e+00 -2.250418137172971456e-06
-2.108886107634543094e+00 2.053721552516087012e+00 -2.260442365731307746e-06
-2.102628285356695770e+00 2.050672224104425734e+00 -2.270541343829535208e-06
-2.096370463078848445e+00 2.047618354615355685e+00 -2.280715584390691220e-06
-2.090112640801001120e+00 2.044559923700453030e+00 -2.290965874784944845e-06
-2.083854818523153796e+00 2.041496910858869640e+00 -2.301293353212940929e-06
-2.077596996245306471e+00 2.038429295435731703e+00 -2.311698646728643780e-06
-2.071339173967459146e+00 2.035357056620513028e+00 -2.322182666603112011e-06
-2.065081351689611822e+00 2.032280173445389693e+00 -2.332746098065996421e-06
-2.058823529411764941e+00 2.029198624783569382e+00 -2.343389700509845852e-06
-2.052565707133917616e+00 2.026112389347598519e+00 -2.354114708502663689e-06
-2.046307884856070292e+00 2.023021445687647635e+00 -2.364921690034549329e-06
-2.040050062578222967e+00 2.019925772189771873e+00 -2.375811604338196048e-06
-2.033792240300375642e+00 2.016825347074146624e+00 -2.386785305841243598e-06
-2.027534418022528317e+00 2.013720148393280951e+00 -2.397843943846567072e-06
-2.021276595744680993e+00 2.010610154030204377e+00 -2.408988165836234430e-06
-2.015018773466833668e+00 2.007495341696629687e+00 -2.420219006538104622e-06
-2.008760951188986343e+00 2.004375688931087751e+00 -2.431537335478850537e-06
-2.002503128911139019e+00 2.001251173097039704e+00 -2.442943947578157804e-06
-1.996245306633291694e+00 1.998121771380959588e+00 -2.454440263033319525e-06
-1.989987484355444369e+00 1.994987460790390132e+00 -2.466027024583539173e-06
-1.983729662077597045e+00 1.991848218151974104e+00 -2.477705090209170180e-06
-1.977471839799749720e+00 1.988704020109453019e+00 -2.489475789735351441e-06
-1.971214017521902395e+00 1.985554843121640989e+00 -2.501339843696825938e-06
-1.964956195244055071e+00 1.982400663460368806e+00 -2.513298449802192636e-06
-1.958698372966207746e+00 1.979241457208396060e+00 -2.525352792215329600e-06
-1.952440550688360421e+00 1.976077200257297939e+00 -2.537503689392650585e-06
-1.946182728410513096e+00 1.972907868305316059e+00 -2.549752342373423630e-06
-1.939924906132665772e+00 1.969733436855183095e+00 -2.562099968628217539e-06
-1.933667083854818447e+00 1.966553881211912547e+00 -2.574547418365824569e-06
-1.927409261576971122e+00 1.963369176480557421e+00 -2.587095989659005113e-06
-1.921151439299123798e+00 1.960179297563936496e+00 -2.599746991238660598e-06
-1.914893617021276473e+00 1.956984219160326610e+00 -2.612501279530832221e-06
-1.908635794743429148e+00 1.953783915761120760e+00 -2.625360278951660575e-06
-1.902377972465581824e+00 1.950578361648453107e+00 -2.638325091286475299e-06
-1.896120150187734499e+00 1.947367530892786913e+00 -2.651396963537777651e-06
-1.889862327909887174e+00 1.944151397350467159e+00 -2.664577247957211625e-06
-1.883604505632040294e+00 1.940929934661238754e+00 -2.677866862255129377e-06
-1.877346683354192969e+00 1.937703116245723001e+00 -2.691267375842798515e-06
-1.871088861076345644e+00 1.934470915302861638e+00 -2.704780075246659976e-06
-1.864831038798498319e+00 1.931233304807318474e+00 -2.718406318491517482e-06
-1.858573216520650995e+00 1.927990257506842831e+00 -2.732147246220506531e-06
-1.852315394242803670e+00 1.924741745919594127e+00 -2.746004326814599494e-06
-1.846057571964956345e+00 1.921487742331424053e+00 -2.759979025768188876e-06
-1.839799749687109021e+00 1.918228218793117890e+00 -2.774072658473514252e-06
-1.833541927409261696e+00 1.914963147117594966e+00 -2.788286621369095997e-06
-1.827284105131414371e+00 1.911692498877062718e+00 -2.802622351971706394e-06
-1.821026282853567047e+00 1.908416245400131217e+00 -2.817081337092020021e-06
-1.814768460575719722e+00 1.905134357768879072e+00 -2.831665040670117151e-06
-1.808510638297872397e+00 1.901846806815876256e+00 -2.846375058984662587e-06
-1.802252816020025072e+00 1.898553563121159415e+00 -2.861212974103466422e-06
-1.795994993742177748e+00 1.895254597009160547e+00 -2.876180202671108077e-06
-1.789737171464330423e+00 1.891949878545586827e+00 -2.891278342520564593e-06
-1.783479349186483098e+00 1.888639377534251818e+00 -2.906508976385779874e-06
-1.777221526908635774e+00 1.885323063513856034e+00 -2.921873843764188905e-06
-1.770963704630788449e+00 1.882000905754717346e+00 -2.937374656175606447e-06
-1.764705882352941124e+00 1.878672873255448517e+00 -2.953012948392341741e-06
-1.758448060075093800e+00 1.875338934739581243e+00 -2.968790457691383722e-06
-1.752190237797246475e+00 1.871999058652138670e+00 -2.984709006392805009e-06
-1.745932415519399150e+00 1.868653213156148629e+00 -3.000770377292738544e-06
-1.739674593241551825e+00 1.865301366129104466e+00 -3.016976277692151598e-06
-1.733416770963704501e+00 1.861943485159366807e+00 -3.033328464630002941e-06
-1.727158948685857176e+00 1.858579537542505600e+00 -3.049829015777660857e-06
-1.720901126408009851e+00 1.855209490277585749e+00 -3.066479653979214959e-06
-1.714643304130162527e+00 1.851833310063388360e+00 -3.083282469118486802e-06
-1.708385481852315202e+00 1.848450963294571814e+00 -3.100239268416515870e-06
-1.702127659574468321e+00 1.845062416057770216e+00 -3.117351996095862887e-06
-1.695869837296620997e+00 1.841667634127624575e+00 -3.134622629907823921e-06
-1.689612015018773672e+00 1.838266582962750695e+00 -3.152053516641828423e-06
-1.683354192740926347e+00 1.834859227701638451e+00 -3.169646490608357681e-06
-1.677096370463079023e+00 1.831445533158482464e+00 -3.187403741833350068e-06
-1.670838548185231698e+00 1.828025463818943486e+00 -3.205327429256499272e-06
-1.664580725907384373e+00 1.824598983835836963e+00 -3.223419752229617075e-06
-1.658322903629537048e+00 1.821166057024749652e+00 -3.241682794863365302e-06
-1.652065081351689724e+00 1.817726646859582074e+00 -3.260118970560554885e-06
-1.645807259073842399e+00 1.814280716468012589e+00 -3.278730721589795394e-06
-1.639549436795995074e+00 1.810828228626887304e+00 -3.297520129175168790e-06
-1.633291614518147750e+00 1.807369145757527829e+00 -3.316489709970227295e-06
-1.627033792240300425e+00 1.803903429920959089e+00 -3.335641852508786087e-06
-1.620775969962453100e+00 1.800431042813055438e+00 -3.354979027037074957e-06
-1.614518147684605776e+00 1.796951945759599711e+00 -3.374503803277306702e-06
-1.608260325406758451e+00 1.793466099711259254e+00 -3.394218572427831759e-06
-1.602002503128911126e+00 1.789973465238471784e+00 -3.414126231726655192e-06
-1.595744680851063801e+00 1.786474002526240890e+00 -3.434229233212349186e-06
-1.589486858573216477e+00 1.782967671368842488e+00 -3.454530195012850413e-06
-1.583229036295369152e+00 1.779454431164433803e+00 -3.475032007704825787e-06
-1.576971214017521827e+00 1.775934240909567974e+00 -3.495737437519963464e-06
-1.570713391739674503e+00 1.772407059193612300e+00 -3.516649281998240895e-06
-1.564455569461827178e+00 1.768872844193062566e+00 -3.537770494110858976e-06
-1.558197747183979853e+00 1.765331553665758113e+00 -3.559103903150173664e-06
-1.551939924906132529e+00 1.761783144944991442e+00 -3.580652568890840826e-06
-1.545682102628285204e+00 1.758227574933509674e+00 -3.602419663906175629e-06
-1.539424280350437879e+00 1.754664800097407662e+00 -3.624408223101838189e-06
-1.533166458072590554e+00 1.751094776459909630e+00 -3.646621250297243932e-06
-1.526908635794743674e+00 1.747517459595035794e+00 -3.669062232258823997e-06
-1.520650813516896349e+00 1.743932804621150634e+00 -3.691734277166958123e-06
-1.514392991239049024e+00 1.740340766194396149e+00 -3.714640736118823838e-06
-1.508135168961201700e+00 1.736741298501997210e+00 -3.737785075230704024e-06
-1.501877346683354375e+00 1.733134355255445458e+00 -3.761170846994232875e-06
-1.495619524405507050e+00 1.729519889683554412e+00 -3.784801373862833884e-06
-1.489361702127659726e+00 1.725897854525382913e+00 -3.808680476113934787e-06
-1.483103879849812401e+00 1.722268202023025552e+00 -3.832811807047420416e-06
-1.476846057571965076e+00 1.718630883914265661e+00 -3.857198902279534991e-06
-1.470588235294117752e+00 1.714985851425088415e+00 -3.881845708875175660e-06
-1.464330413016270427e+00 1.711333055262049374e+00 -3.906756123939203462e-06
-1.458072590738423102e+00 1.707672445604497824e+00 -3.931934190237740268e-06
-1.451814768460575777e+00 1.704003972096647335e+00 -3.957383885255794098e-06
-1.445556946182728453e+00 1.700327583839495560e+00 -3.983109224892089628e-06
-1.439299123904881128e+00 1.696643229382583717e+00 -4.009114526137835810e-06
-1.433041301627033803e+00 1.692950856715595087e+00 -4.035403972979523246e-06
-1.426783479349186479e+00 1.689250413259790529e+00 -4.061982078029657828e-06
-1.420525657071339154e+00 1.685541845859271026e+00 -4.088853256201119279e-06
-1.414267834793491829e+00 1.681825100772070147e+00 -4.116022026545707035e-06
-1.408010012515644505e+00 1.678100123661067089e+00 -4.143492957187078218e-06
-1.401752190237797180e+00 1.674366859584718981e+00 -4.171270711283980859e-06
-1.395494367959949855e+00 1.670625252987605114e+00 -4.199360364331994333e-06
-1.389236545682102530e+00 1.666875247690781769e+00 -4.227766749576034044e-06
-1.382978723404255206e+00 1.663116786881940756e+00 -4.256494838594804264e-06
-1.376720901126407881e+00 1.659349813105366778e+00 -4.285549655591580631e-06
-1.370463078848560556e+00 1.655574268251690739e+00 -4.314936534743907259e-06
-1.364205256570713232e+00 1.651790093547429672e+00 -4.344660785804421721e-06
-1.357947434292865907e+00 1.647997229544313269e+00 -4.374727959222113327e-06
-1.351689612015018582e+00 1.644195616108386604e+00 -4.405143618768647684e-06
-1.345431789737171702e+00 1.640385192408887693e+00 -4.435913177669448260e-06
-1.339173967459324377e+00 1.636565896906888584e+00 -4.467042865829995435e-06
-1.332916145181477052e+00 1.632737667343702181e+00 -4.498538074049207580e-06
-1.326658322903629728e+00 1.628900440729039500e+00 -4.530405269376203137e-06
-1.320400500625782403e+00 1.625054153328917561e+00 -4.562650601780404713e-06
-1.314142678347935078e+00 1.621198740653307491e+00 -4.595280152397407392e-06
-1.307884856070087753e+00 1.617334137443520170e+00 -4.628300429798670734e-06
-1.301627033792240429e+00 1.613460277659317210e+00 -4.661718116194535355e-06
-1.295369211514393104e+00 1.609577094465743929e+00 -4.695539963517347815e-06
-1.289111389236545779e+00 1.605684520219676115e+00 -4.729772733913506499e-06
-1.282853566958698455e+00 1.601782486456072130e+00 -4.764423414460594586e-06
-1.276595744680851130e+00 1.597870923873922377e+00 -4.799499307761578848e-06
-1.270337922403003805e+00 1.593949762321889452e+00 -4.835007787695744241e-06
-1.264080100125156481e+00 1.590018930783628326e+00 -4.870956234137580054e-06
-1.257822277847309156e+00 1.586078357362781244e+00 -4.907352320282498681e-06
-1.251564455569461831e+00 1.582127969267632883e+00 -4.944203984447170797e-06
-1.245306633291614506e+00 1.578167692795423127e+00 -4.981519163615999446e-06
-1.239048811013767182e+00 1.574197453316303230e+00 -5.019306122289179939e-06
-1.232790988735919857e+00 1.570217175256926057e+00 -5.057573280176086428e-06
-1.226533166458072532e+00 1.566226782083662616e+00 -5.096329060094717534e-06
-1.220275344180225208e+00 1.562226196285432467e+00 -5.135582381132763885e-06
-1.214017521902377883e+00 1.558215339356135321e+00 -5.175342317365050349e-06
-1.207759699624530558e+00 1.554194131776677645e+00 -5.215617816745066193e-06
-1.201501877346683234e+00 1.550162492996578267e+00 -5.256418443178034750e-06
-1.195244055068835909e+00 1.546120341415140986e+00 -5.297753920663339500e-06
-1.188986232790988584e+00 1.542067594362185323e+00 -5.339633948775457384e-06
-1.182728410513141259e+00 1.538004168078319189e+00 -5.382068690940045030e-06
-1.176470588235293935e+00 1.533929977694740820e+00 -5.425068496212048785e-06
-1.170212765957447054e+00 1.529844937212557543e+00 -5.468643912598381007e-06
-1.163954943679599729e+00 1.525748959481604716e+00 -5.512805857588176650e-06
-1.157697121401752405e+00 1.521641956178753974e+00 -5.557565398994768202e-06
-1.151439299123905080e+00 1.517523837785690333e+00 -5.602933935922038700e-06
-1.145181476846057755e+00 1.513394513566147292e+00 -5.648923118162230139e-06
-1.138923654568210431e+00 1.509253891542579717e+00 -5.695544880612857241e-06
-1.132665832290363106e+00 1.505101878472260069e+00 -5.742811470810238461e-06
-1.126408010012515781e+00 1.500938379822780000e+00 -5.790735504440647219e-06
-1.120150187734668457e+00 1.496763299746936227e+00 -5.839329870527265598e-06
-1.113892365456821132e+00 1.492576541056987782e+00 -5.888607614190632944e-06
-1.107634543178973807e+00 1.488378005198258691e+00 -5.938582413156368034e-06
-1.101376720901126482e+00 1.484167592222068732e+00 -5.989268126782576473e-06
-1.095118898623279158e+00 1.479945200757973423e+00 -6.040678922403230899e-06
-1.088861076345431833e+00 1.475710727985286352e+00 -6.092829558212997654e-06
-1.082603254067584508e+00 1.471464069603865221e+00 -6.145734846141337471e-06
-1.076345431789737184e+00 1.467205119804137814e+00 -6.199410205853794764e-06
-1.070087609511889859e+00 1.462933771236339942e+00 -6.253871520867093636e-06
-1.063829787234042534e+00 1.458649914978945583e+00 -6.309134944482153173e-06
-1.057571964956195210e+00 1.454353440506258144e+00 -6.365217070758433238e-06
-1.051314142678347885e+00 1.450044235655138847e+00 -6.422135020889285784e-06
-1.045056320400500560e+00 1.445722186590840508e+00 -6.479906381029465479e-06
-1.038798498122653235e+00 1.441387177771922046e+00 -6.538549041978924947e-06
-1.032540675844805911e+00 1.437039091914208200e+00 -6.598081636388641869e-06
-1.026282853566958586e+00 1.432677809953765369e+00 -6.658523179714492812e-06
-1.020025031289111261e+00 1.428303211008860929e+00 -6.719893185458403195e-06
-1.013767209011263937e+00 1.423915172340869395e+00 -6.782211706912733007e-06
-1.007509386733416612e+00 1.419513569314091894e+00 -6.845499423979717335e-06
-1.001251564455569287e+00 1.415098275354449875e+00 -6.909777617192247590e-06
-9.949937421777219626e-01 1.410669161907016411e+00 -6.975068104431159099e-06
-9.887359198998746379e-01 1.406226098392342250e+00 -7.041393328854894662e-06
-9.824780976220273132e-01 1.401768952161537518e+00 -7.108776370223779395e-06
-9.762202753441799885e-01 1.397297588450062467e+00 -7.177241098998976554e-06
-9.699624530663326638e-01 1.392811870330183943e+00 -7.246811834171751343e-06
-9.637046307884853391e-01 1.388311658662049419e+00 -7.317513841975653577e-06
-9.574468085106380144e-01 1.383796812043327495e+00 -7.389373107846708422e-06
-9.511889862327906897e-01 1.379267186757366925e+00 -7.462416169001784283e-06
-9.449311639549433650e-01 1.374722636719817315e+00 -7.536670632468656095e-06
-9.386733416770960403e-01 1.370163013423655318e+00 -7.612164758530326480e-06
-9.324155193992487156e-01 1.365588165882561267e+00 -7.688927710747250899e-06
-9.261576971214013909e-01 1.360997940572579612e+00 -7.766989640556332120e-06
-9.198998748435540662e-01 1.356392181372005679e+00 -7.846381381293454638e-06
-9.136420525657067415e-01 1.351770729499427226e+00 -7.927134971108529271e-06
-9.073842302878594168e-01 1.347133423449852208e+00 -8.009283363863417549e-06
-9.011264080100129803e-01 1.342480098928854115e+00 -8.092860312336469519e-06
-8.948685857321656556e-01 1.337810588784649868e+00 -8.177901176242841075e-06
-8.886107634543183309e-01 1.333124722938044071e+00 -8.264441869298977394e-06
-8.823529411764710062e-01 1.328422328310143286e+00 -8.352519759613485917e-06
-8.760951188986236815e-01 1.323703228747761029e+00 -8.442173339728853421e-06
-8.698372966207763568e-01 1.318967244946421147e+00 -8.533442315439287995e-06
-8.635794743429290321e-01 1.314214194370863620e+00 -8.626367794306588621e-06
-8.573216520650817074e-01 1.309443891172952679e+00 -8.720992177524422573e-06
-8.510638297872343827e-01 1.304656146106884629e+00 -8.817359190116391687e-06
-8.448060075093870580e-01 1.299850766441584371e+00 -8.915514192242568470e-06
-8.385481852315397333e-01 1.295027555870175151e+00 -9.015503966036675365e-06
-8.322903629536924086e-01 1.290186314416404301e+00 -9.117376802425525284e-06
-8.260325406758450839e-01 1.285326838337895294e+00 -9.221182796892435363e-06
-8.197747183979977592e-01 1.280448920026096005e+00 -9.326973691603512862e-06
-8.135168961201504345e-01 1.275552347902782380e+00 -9.434803022401183625e-06
-8.072590738423031098e-01 1.270636906312974324e+00 -9.544726245591661495e-06
-8.010012515644557851e-01 1.265702375414106351e+00 -9.656800654234132253e-06
-7.947434292866084604e-01 1.260748531061296474e+00 -9.771085699439296945e-06
-7.884856070087611357e-01 1.255775144688539458e+00 -9.887642916428518447e-06
-7.822277847309138110e-01 1.250781983185649926e+00 -1.000653602489798288e-05
-7.759699624530664863e-01 1.245768808770765901e+00 -1.012783118103932622e-05
-7.697121401752191616e-01 1.240735378858214943e+00 -1.025159677880971287e-05
-7.634543178973718369e-01 1.235681445921538391e+00 -1.037790384916803532e-05
-7.571964956195245122e-01 1.230606757351449421e+00 -1.050682612002695748e-05
-7.509386733416771875e-01 1.225511055308500463e+00 -1.063844003201808164e-05
-7.446808510638298628e-01 1.220394076570211706e+00 -1.077282486594555166e-05
-7.384230287859825381e-01 1.215255552372407344e+00 -1.091006299769325949e-05
-7.321652065081352134e-01 1.210095208244487797e+00 -1.105024001457621807e-05
-7.259073842302878887e-01 1.204912763838351886e+00 -1.119344476241401765e-05
-7.196495619524405640e-01 1.199707932750667894e+00 -1.133976957201632274e-05
-7.133917396745932393e-01 1.194480422338175751e+00 -1.148931052363799665e-05
-7.071339173967459146e-01 1.189229933525679295e+00 -1.164216740523471572e-05
-7.008760951188985899e-01 1.183956160606378649e+00 -1.179844401621998884e-05
-6.946182728410512652e-01 1.178658791034157938e+00 -1.195824856736749098e-05
-6.883604505632039405e-01 1.173337505207435072e+00 -1.212169350739422669e-05
-6.821026282853566158e-01 1.167991976244149299e+00 -1.228889598636762059e-05
-6.758448060075092911e-01 1.162621869747433756e+00 -1.245997814747212828e-05
-6.695869837296619664e-01 1.157226843561504959e+00 -1.263506713322648523e-05
-6.633291614518146417e-01 1.151806547517259638e+00 -1.281429555510804619e-05
-6.570713391739673170e-01 1.146360623167044457e+00 -1.299780176755582772e-05
-6.508135168961199923e-01 1.140888703508032842e+00 -1.318573009112533612e-05
-6.445556946182726676e-01 1.135390412693600970e+00 -1.337823120106662600e-05
-6.382978723404253429e-01 1.129865365732063864e+00 -1.357546232516604334e-05
-6.320400500625780182e-01 1.124313168172087263e+00 -1.377758784437688178e-05
-6.257822277847306935e-01 1.118733415774044726e+00 -1.398477954950294588e-05
-6.195244055068833688e-01 1.113125694166551272e+00 -1.419721695161690889e-05
-6.132665832290360441e-01 1.107489578487342641e+00 -1.441508787469736319e-05
-6.070087609511887194e-01 1.101824633007620458e+00 -1.463858894457104043e-05
-6.007509386733413947e-01 1.096130410738924255e+00 -1.486792602856112921e-05
-5.944931163954940700e-01 1.090406453021527167e+00 -1.510331463205893954e-05
-5.882352941176467453e-01 1.084652289093280597e+00 -1.534498070943079995e-05
-5.819774718397994206e-01 1.078867435637761218e+00 -1.559316124200016418e-05
-5.757196495619520960e-01 1.073051396310495509e+00 -1.584810471366715490e-05
-5.694618272841047713e-01 1.067203661241943768e+00 -1.611007195556624083e-05
-5.632040050062574466e-01 1.061323706515837184e+00 -1.637933695808335699e-05
-5.569461827284101219e-01 1.055410993621357152e+00 -1.665618754032038851e-05
-5.506883604505627972e-01 1.049464968877535043e+00 -1.694092627757548541e-05
-5.444305381727163606e-01 1.043485062828132914e+00 -1.723387142016363782e-05
-5.381727158948690359e-01 1.037470689605127117e+00 -1.753535804294159561e-05
-5.319148936170217112e-01 1.031421246258793722e+00 -1.784573888419238585e-05
-5.256570713391743865e-01 1.025336112052213311e+00 -1.816538569299197547e-05
-5.193992490613270618e-01 1.019214647717866296e+00 -1.849469045600571349e-05
-5.131414267834797371e-01 1.013056194673799704e+00 -1.883406669533904676e-05
-5.068836045056324124e-01 1.006860074196640698e+00 -1.918395098932101916e-05
-5.006257822277850877e-01 1.000625586548520296e+00 -1.954480459076535226e-05
-4.943679599499377630e-01 9.943520100547268425e-01 -1.991711508442239875e-05
-4.881101376720904383e-01 9.880386001286493025e-01 -2.030139828179677863e-05
-4.818523153942431136e-01 9.816845882402790435e-01 -2.069820024641622069e-05
-4.755944931163957889e-01 9.752891808242268867e-01 -2.110809947564185052e-05
-4.693366708385484642e-01 9.688515581228617224e-01 -2.153170935770276628e-05
-4.630788485607011395e-01 9.623708729597972855e-01 -2.196968064083204553e-05
-4.568210262828538148e-01 9.558462494385315811e-01 -2.242270433483462000e-05
-4.505632040050064901e-01 9.492767815605799298e-01 -2.289151485668217134e-05
-4.443053817271591655e-01 9.426615317569282393e-01 -2.337689330866865589e-05
-4.380475594493118408e-01 9.359995293260695570e-01 -2.387967118944178679e-05
-4.317897371714645161e-01 9.292897687712531329e-01 -2.440073446108304012e-05
-4.255319148936171914e-01 9.225312080288852190e-01 -2.494102790462360275e-05
-4.192740926157698667e-01 9.157227665792413429e-01 -2.550156005698411832e-05
-4.130162703379225420e-01 9.088633234297911478e-01 -2.608340848131440737e-05
-4.067584480600752173e-01 9.019517149604796558e-01 -2.668772560909804525e-05
-4.005006257822278926e-01 8.949867326192360029e-01 -2.731574528525015921e-05
-3.942428035043805679e-01 8.879671204547840979e-01 -2.796878983324369017e-05
-3.879849812265332432e-01 8.808915724724959428e-01 -2.864827800463931595e-05
-3.817271589486859185e-01 8.737587297975178968e-01 -2.935573364337695779e-05
-3.754693366708385938e-01 8.665671776277227289e-01 -3.009279537802278526e-05
-3.692115143929912691e-01 8.593154419571328306e-01 -3.086122741258190416e-05
-3.629536921151439444e-01 8.520019860483236673e-01 -3.166293144707399421e-05
-3.566958698372966197e-01 8.446252066298952643e-01 -3.249996005849631331e-05
-3.504380475594492950e-01 8.371834297923594903e-01 -3.337453151175395760e-05
-3.441802252816019703e-01 8.296749065526833888e-01 -3.428904645230712589e-05
-3.379224030037546456e-01 8.220978080541933020e-01 -3.524610664196181631e-05
-3.316645807259073209e-01 8.144502203645196392e-01 -3.624853582340215041e-05
-3.254067584480599962e-01 8.067301388296584941e-01 -3.729940338403903155e-05
-3.191489361702126715e-01 7.989354619369610777e-01 -3.840205099470139771e-05
-3.128911138923653468e-01 7.910639846338162195e-01 -3.956012267647412983e-05
-3.066332916145180221e-01 7.831133910418311972e-01 -4.077759900222854839e-05
-3.003754693366706974e-01 7.750812464982890226e-01 -4.205883583607850085e-05
-2.941176470588233727e-01 7.669649888473701882e-01 -4.340860850216010647e-05
-2.878598247809760480e-01 7.587619188928448333e-01 -4.483216225947828093e-05
-2.816020025031287233e-01 7.504691899113896669e-01 -4.633527009634264004e-05
-2.753441802252813986e-01 7.420837961110340331e-01 -4.792429909250550679e-05
-2.690863579474340739e-01 7.336025599020685739e-01 -4.960628692007862384e-05
-2.628285356695867492e-01 7.250221178275690903e-01 -5.138903024648477924e-05
-2.565707133917394245e-01 7.163389049768823513e-01 -5.328118723890717945e-05
-2.503128911138920998e-01 7.075491376772246044e-01 -5.529239683188524879e-05
-2.440550688360447751e-01 6.986487942250309002e-01 -5.743341808595037179e-05
-2.377972465581974504e-01 6.896335933786831296e-01 -5.971629349010854071e-05
-2.315394242803501257e-01 6.804989702862894729e-01 -6.215454120517271974e-05
-2.252816020025028010e-01 6.712400494644263915e-01 -6.476338231764522391e-05
-2.190237797246554763e-01 6.618516143738798485e-01 -6.756001058350058486e-05
-2.127659574468081516e-01 6.523280730534416483e-01 -7.056391427295860552e-05
-2.065081351689608269e-01 6.426634191689469811e-01 -7.379726189216118115e-05
-2.002503128911135022e-01 6.328511877070525093e-01 -7.728536702067412278e-05
-1.939924906132670657e-01 6.228844043853836165e-01 -8.105725150819864666e-05
-1.877346683354197410e-01 6.127555276542508977e-01 -8.514633195810805688e-05
-1.814768460575724163e-01 6.024563819191766090e-01 -8.959126158680774665e-05
-1.752190237797250916e-01 5.919780803031901018e-01 -9.443696966482395538e-05
-1.689612015018777669e-01 5.813109348737175441e-01 -9.973595395063039604e-05
-1.627033792240304422e-01 5.704443517540171982e-01 -1.055499000373050222e-04
-1.564455569461831175e-01 5.593667078870231402e-01 -1.119517268347580696e-04
-1.501877346683357928e-01 5.480652053694629045e-01 -1.190281931245928959e-04
-1.439299123904884681e-01 5.365256981552486426e-01 -1.268832507249628705e-04
-1.376720901126411434e-01 5.247324844387684095e-01 -1.356424023456481720e-04
-1.314142678347938187e-01 5.126680560261070996e-01 -1.454584285557336543e-04
-1.251564455569464940e-01 5.003127932742605921e-01 -1.565190056036502853e-04
-1.188986232790991693e-01 4.876445904121138875e-01 -1.690569733205360414e-04
-1.126408010012518446e-01 4.746383907802904090e-01 -1.833643777831572841e-04
-1.063829787234045199e-01 4.612656040144431091e-01 -1.998119869791592507e-04
-1.001251564455571952e-01 4.474933663096185010e-01 -2.188768996824741464e-04
-9.386733416770987048e-02 4.332835888138618641e-01 -2.411823877111474168e-04
-8.760951188986254579e-02 4.185917148961803003e-01 -2.675566902691217663e-04
-8.135168961201522109e-02 4.033650694148297466e-01 -2.991219966280711517e-04
-7.509386733416789639e-02 3.875406232491450664e-01 -3.374330626002564060e-04
-6.883604505632057169e-02 3.710418980555176272e-01 -3.847004603355075325e-04
-6.257822277847324699e-02 3.537745688386129683e-01 -4.441643944245732278e-04
-5.632040050062592229e-02 3.356200247322138619e-01 -5.207501335601771864e-04
-5.006257822277859759e-02 3.164255938535269763e-01 -6.222827914237338831e-04
-4.380475594493127289e-02 2.959890401515950509e-01 -7.618980299737287964e-04
-3.754693366708394819e-02 2.740326026847314522e-01 -9.632584020569101568e-04
-3.128911138923662349e-02 2.501563966371302961e-01 -1.273201012480684735e-03
-2.503128911138929880e-02 2.237466831548092505e-01 -1.797656895421911871e-03
-1.877346683354197410e-02 1.937703116245725332e-01 -2.831347059564753854e-03
-1.251564455569464940e-02 1.582127969267634882e-01 -5.581143167572383268e-03
-6.257822277847324699e-03 1.118733415774046253e-01 -4.633945534935889066e-02
0.000000000000000000e+00 0.000000000000000000e+00 0.000000000000000000e+00
2.500000000000000139e-02 0.000000000000000000e+00 0.000000000000000000e+00
5.000000000000000278e-02 0.000000000000000000e+00 0.000000000000000000e+00
7.500000000000001110e-02 0.000000000000000000e+00 0.000000000000000000e+00
1.000000000000000056e-01 0.000000000000000000e+00 0.000000000000000000e+00
1.250000000000000000e-01 0.000000000000000000e+00 0.000000000000000000e+00
1.500000000000000222e-01 0.000000000000000000e+00 0.000000000000000000e+00
1.750000000000000167e-01 0.000000000000000000e+00 0.000000000000000000e+00
2.000000000000000111e-01 0.000000000000000000e+00 0.000000000000000000e+00
2.250000000000000056e-01 0.000000000000000000e+00 0.000000000000000000e+00
2.500000000000000000e-01 0.000000000000000000e+00 0.000000000000000000e+00
2.750000000000000222e-01 0.000000000000000000e+00 0.000000000000000000e+00
3.000000000000000444e-01 0.000000000000000000e+00 0.000000000000000000e+00
3.250000000000000111e-01 0.000000000000000000e+00 0.000000000000000000e+00
3.500000000000000333e-01 0.000000000000000000e+00 0.000000000000000000e+00
3.750000000000000000e-01 0.000000000000000000e+00 0.000000000000000000e+00
4.000000000000000222e-01 0.000000000000000000e+00 0.000000000000000000e+00
4.250000000000000444e-01 0.000000000000000000e+00 0.000000000000000000e+00
4.500000000000000111e-01 0.000000000000000000e+00 0.000000000000000000e+00
4.750000000000000333e-01 0.000000000000000000e+00 0.000000000000000000e+00
5.000000000000000000e-01 0.000000000000000000e+00 0.000000000000000000e+00
5.250000000000000222e-01 0.000000000000000000e+00 0.000000000000000000e+00
5.500000000000000444e-01 0.000000000000000000e+00 0.000000000000000000e+00
5.750000000000000666e-01 0.000000000000000000e+00 0.000000000000000000e+00
6.000000000000000888e-01 0.000000000000000000e+00 0.000000000000000000e+00
6.250000000000000000e-01 0.000000000000000000e+00 0.000000000000000000e+00
6.500000000000000222e-01 0.000000000000000000e+00 0.000000000000000000e+00
6.750000000000000444e-01 0.000000000000000000e+00 0.000000000000000000e+00
7.000000000000000666e-01 0.000000000000000000e+00 0.000000000000000000e+00
7.250000000000000888e-01 0.000000000000000000e+00 0.000000000000000000e+00
7.500000000000000000e-01 0.000000000000000000e+00 0.000000000000000000e+00
7.750000000000000222e-01 0.000000000000000000e+00 0.000000000000000000e+00
8.000000000000000444e-01 0.000000000000000000e+00 0.000000000000000000e+00
8.250000000000000666e-01 0.000000000000000000e+00 0.000000000000000000e+00
8.500000000000000888e-01 0.000000000000000000e+00 0.000000000000000000e+00
8.750000000000000000e-01 0.000000000000000000e+00 0.000000000000000000e+00
9.000000000000000222e-01 0.000000000000000000e+00 0.000000000000000000e+00
9.250000000000000444e-01 0.000000000000000000e+00 0.000000000000000000e+00
9.500000000000000666e-01 0.000000000000000000e+00 0.000000000000000000e+00
9.750000000000000888e-01 0.000000000000000000e+00 0.000000000000000000e+00
1.000000000000000000e+00 0.000000000000000000e+00 0.000000000000000000e+00
1.025000000000000133e+00 0.000000000000000000e+00 0.000000000000000000e+00
1.050000000000000044e+00 0.000000000000000000e+00 0.000000000000000000e+00
1.074999999999999956e+00 0.000000000000000000e+00 0.000000000000000000e+00
1.100000000000000089e+00 0.000000000000000000e+00 0.000000000000000000e+00
1.125000000000000000e+00 0.000000000000000000e+00 0.000000000000000000e+00
1.150000000000000133e+00 0.000000000000000000e+00 0.000000000000000000e+00
1.175000000000000044e+00 0.000000000000000000e+00 0.000000000000000000e+00
1.200000000000000178e+00 0.000000000000000000e+00 0.000000000000000000e+00
1.225000000000000089e+00 0.000000000000000000e+00 0.000000000000000000e+00
1.250000000000000000e+00 0.000000000000000000e+00 0.000000000000000000e+00
1.275000000000000133e+00 0.000000000000000000e+00 0.000000000000000000e+00
1.300000000000000044e+00 0.000000000000000000e+00 0.000000000000000000e+00
1.325000000000000178e+00 0.000000000000000000e+00 0.000000000000000000e+00
1.350000000000000089e+00 0.000000000000000000e+00 0.000000000000000000e+00
1.375000000000000000e+00 0.000000000000000000e+00 0.000000000000000000e+00
1.400000000000000133e+00 0.000000000000000000e+00 0.000000000000000000e+00
1.425000000000000044e+00 0.000000000000000000e+00 0.000000000000000000e+00
1.450000000000000178e+00 0.000000000000000000e+00 0.000000000000000000e+00
1.475000000000000089e+00 0.000000000000000000e+00 0.000000000000000000e+00
1.500000000000000000e+00 0.000000000000000000e+00 0.000000000000000000e+00
1.525000000000000133e+00 0.000000000000000000e+00 0.000000000000000000e+00
1.550000000000000044e+00 0.000000000000000000e+00 0.000000000000000000e+00
1.575000000000000178e+00 0.000000000000000000e+00 0.000000000000000000e+00
1.600000000000000089e+00 0.000000000000000000e+00 0.000000000000000000e+00
1.625000000000000000e+00 0.000000000000000000e+00 0.000000000000000000e+00
1.650000000000000133e+00 0.000000000000000000e+00 0.000000000000000000e+00
1.675000000000000044e+00 0.000000000000000000e+00 0.000000000000000000e+00
1.700000000000000178e+00 0.000000000000000000e+00 0.000000000000000000e+00
1.725000000000000089e+00 0.000000000000000000e+00 0.000000000000000000e+00
1.750000000000000000e+00 0.000000000000000000e+00 0.000000000000000000e+00
1.775000000000000133e+00 0.000000000000000000e+00 0.000000000000000000e+00
1.800000000000000044e+00 0.000000000000000000e+00 0.000000000000000000e+00
1.825000000000000178e+00 0.000000000000000000e+00 0.000000000000000000e+00
1.850000000000000089e+00 0.000000000000000000e+00 0.000000000000000000e+00
1.875000000000000000e+00 0.000000000000000000e+00 0.000000000000000000e+00
1.900000000000000133e+00 0.000000000000000000e+00 0.000000000000000000e+00
1.925000000000000044e+00 0.000000000000000000e+00 0.000000000000000000e+00
1.950000000000000178e+00 0.000000000000000000e+00 0.000000000000000000e+00
1.975000000000000089e+00 0.000000000000000000e+00 0.000000000000000000e+00
2.000000000000000000e+00 0.000000000000000000e+00 0.000000000000000000e+00
2.024999999999999911e+00 0.000000000000000000e+00 0.000000000000000000e+00
2.050000000000000266e+00 0.000000000000000000e+00 0.000000000000000000e+00
2.075000000000000178e+00 0.000000000000000000e+00 0.000000000000000000e+00
2.100000000000000089e+00 0.000000000000000000e+00 0.000000000000000000e+00
2.125000000000000000e+00 0.000000000000000000e+00 0.000000000000000000e+00
2.149999999999999911e+00 0.000000000000000000e+00 0.000000000000000000e+00
2.175000000000000266e+00 0.000000000000000000e+00 0.000000000000000000e+00
2.200000000000000178e+00 0.000000000000000000e+00 0.000000000000000000e+00
2.225000000000000089e+00 0.000000000000000000e+00 0.000000000000000000e+00
2.250000000000000000e+00 0.000000000000000000e+00 0.000000000000000000e+00
2.274999999999999911e+00 0.000000000000000000e+00 0.000000000000000000e+00
2.300000000000000266e+00 0.000000000000000000e+00 0.000000000000000000e+00
2.325000000000000178e+00 0.000000000000000000e+00 0.000000000000000000e+00
2.350000000000000089e+00 0.000000000000000000e+00 0.000000000000000000e+00
2.375000000000000000e+00 0.000000000000000000e+00 0.000000000000000000e+00
2.400000000000000355e+00 0.000000000000000000e+00 0.000000000000000000e+00
2.425000000000000266e+00 0.000000000000000000e+00 0.000000000000000000e+00
2.450000000000000178e+00 0.000000000000000000e+00 0.000000000000000000e+00
2.475000000000000089e+00 0.000000000000000000e+00 0.000000000000000000e+00
2.500000000000000000e+00 0.000000000000000000e+00 0.000000000000000000e+00
2.525000000000000355e+00 0.000000000000000000e+00 0.000000000000000000e+00
2.550000000000000266e+00 0.000000000000000000e+00 0.000000000000000000e+00
2.575000000000000178e+00 0.000000000000000000e+00 0.000000000000000000e+00
2.600000000000000089e+00 0.000000000000000000e+00 0.000000000000000000e+00
2.625000000000000000e+00 0.000000000000000000e+00 0.000000000000000000e+00
2.650000000000000355e+00 0.000000000000000000e+00 0.000000000000000000e+00
2.675000000000000266e+00 0.000000000000000000e+00 0.000000000000000000e+00
2.700000000000000178e+00 0.000000000000000000e+00 0.000000000000000000e+00
2.725000000000000089e+00 0.000000000000000000e+00 0.000000000000000000e+00
2.750000000000000000e+00 0.000000000000000000e+00 0.000000000000000000e+00
2.775000000000000355e+00 0.000000000000000000e+00 0.000000000000000000e+00
2.800000000000000266e+00 0.000000000000000000e+00 0.000000000000000000e+00
2.825000000000000178e+00 0.000000000000000000e+00 0.000000000000000000e+00
2.850000000000000089e+00 0.000000000000000000e+00 0.000000000000000000e+00
2.875000000000000000e+00 0.000000000000000000e+00 0.000000000000000000e+00
2.900000000000000355e+00 0.000000000000000000e+00 0.000000000000000000e+00
2.925000000000000266e+00 0.000000000000000000e+00 0.000000000000000000e+00
2.950000000000000178e+00 0.000000000000000000e+00 0.000000000000000000e+00
2.975000000000000089e+00 0.000000000000000000e+00 0.000000000000000000e+00
3.000000000000000000e+00 0.000000000000000000e+00 0.000000000000000000e+00
3.025000000000000355e+00 0.000000000000000000e+00 0.000000000000000000e+00
3.050000000000000266e+00 0.000000000000000000e+00 0.000000000000000000e+00
3.075000000000000178e+00 0.000000000000000000e+00 0.000000000000000000e+00
3.100000000000000089e+00 0.000000000000000000e+00 0.000000000000000000e+00
3.125000000000000000e+00 0.000000000000000000e+00 0.000000000000000000e+00
3.150000000000000355e+00 0.000000000000000000e+00 0.000000000000000000e+00
3.175000000000000266e+00 0.000000000000000000e+00 0.000000000000000000e+00
3.200000000000000178e+00 0.000000000000000000e+00 0.000000000000000000e+00
3.225000000000000089e+00 0.000000000000000000e+00 0.000000000000000000e+00
3.250000000000000000e+00 0.000000000000000000e+00 0.000000000000000000e+00
3.275000000000000355e+00 0.000000000000000000e+00 0.000000000000000000e+00
3.300000000000000266e+00 0.000000000000000000e+00 0.000000000000000000e+00
3.325000000000000178e+00 0.000000000000000000e+00 0.000000000000000000e+00
3.350000000000000089e+00 0.000000000000000000e+00 0.000000000000000000e+00
3.375000000000000000e+00 0.000000000000000000e+00 0.000000000000000000e+00
3.400000000000000355e+00 0.000000000000000000e+00 0.000000000000000000e+00
3.425000000000000266e+00 0.000000000000000000e+00 0.000000000000000000e+00
3.450000000000000178e+00 0.000000000000000000e+00 0.000000000000000000e+00
3.475000000000000089e+00 0.000000000000000000e+00 0.000000000000000000e+00
3.500000000000000000e+00 0.000000000000000000e+00 0.000000000000000000e+00
3.525000000000000355e+00 0.000000000000000000e+00 0.000000000000000000e+00
3.550000000000000266e+00 0.000000000000000000e+00 0.000000000000000000e+00
3.575000000000000178e+00 0.000000000000000000e+00 0.000000000000000000e+00
3.600000000000000089e+00 0.000000000000000000e+00 0.000000000000000000e+00
3.625000000000000000e+00 0.000000000000000000e+00 0.000000000000000000e+00
3.650000000000000355e+00 0.000000000000000000e+00 0.000000000000000000e+00
3.675000000000000266e+00 0.000000000000000000e+00 0.000000000000000000e+00
3.700000000000000178e+00 0.000000000000000000e+00 0.000000000000000000e+00
3.725000000000000089e+00 0.000000000000000000e+00 0.000000000000000000e+00
3.750000000000000000e+00 0.000000000000000000e+00 0.000000000000000000e+00
3.775000000000000355e+00 0.000000000000000000e+00 0.000000000000000000e+00
3.800000000000000266e+00 0.000000000000000000e+00 0.000000000000000000e+00
3.825000000000000178e+00 0.000000000000000000e+00 0.000000000000000000e+00
3.850000000000000089e+00 0.000000000000000000e+00 0.000000000000000000e+00
3.875000000000000000e+00 0.000000000000000000e+00 0.000000000000000000e+00
3.900000000000000355e+00 0.000000000000000000e+00 0.000000000000000000e+00
3.925000000000000266e+00 0.000000000000000000e+00 0.000000000000000000e+00
3.950000000000000178e+00 0.000000000000000000e+00 0.000000000000000000e+00
3.975000000000000089e+00 0.000000000000000000e+00 0.000000000000000000e+00
4.000000000000000000e+00 0.000000000000000000e+00 0.000000000000000000e+00
4.025000000000000355e+00 0.000000000000000000e+00 0.000000000000000000e+00
4.049999999999999822e+00 0.000000000000000000e+00 0.000000000000000000e+00
4.075000000000000178e+00 0.000000000000000000e+00 0.000000000000000000e+00
4.100000000000000533e+00 0.000000000000000000e+00 0.000000000000000000e+00
4.125000000000000000e+00 0.000000000000000000e+00 0.000000000000000000e+00
4.150000000000000355e+00 0.000000000000000000e+00 0.000000000000000000e+00
4.174999999999999822e+00 0.000000000000000000e+00 0.000000000000000000e+00
4.200000000000000178e+00 0.000000000000000000e+00 0.000000000000000000e+00
4.225000000000000533e+00 0.000000000000000000e+00 0.000000000000000000e+00
4.250000000000000000e+00 0.000000000000000000e+00 0.000000000000000000e+00
4.275000000000000355e+00 0.000000000000000000e+00 0.000000000000000000e+00
4.299999999999999822e+00 0.000000000000000000e+00 0.000000000000000000e+00
4.325000000000000178e+00 0.000000000000000000e+00 0.000000000000000000e+00
4.350000000000000533e+00 0.000000000000000000e+00 0.000000000000000000e+00
4.375000000000000000e+00 0.000000000000000000e+00 0.000000000000000000e+00
4.400000000000000355e+00 0.000000000000000000e+00 0.000000000000000000e+00
4.424999999999999822e+00 0.000000000000000000e+00 0.000000000000000000e+00
4.450000000000000178e+00 0.000000000000000000e+00 0.000000000000000000e+00
4.475000000000000533e+00 0.000000000000000000e+00 0.000000000000000000e+00
4.500000000000000000e+00 0.000000000000000000e+00 0.000000000000000000e+00
4.525000000000000355e+00 0.000000000000000000e+00 0.000000000000000000e+00
4.549999999999999822e+00 0.000000000000000000e+00 0.000000000000000000e+00
4.575000000000000178e+00 0.000000000000000000e+00 0.000000000000000000e+00
4.600000000000000533e+00 0.000000000000000000e+00 0.000000000000000000e+00
4.625000000000000000e+00 0.000000000000000000e+00 0.000000000000000000e+00
4.650000000000000355e+00 0.000000000000000000e+00 0.000000000000000000e+00
4.674999999999999822e+00 0.000000000000000000e+00 0.000000000000000000e+00
4.700000000000000178e+00 0.000000000000000000e+00 0.000000000000000000e+00
4.725000000000000533e+00 0.000000000000000000e+00 0.000000000000000000e+00
4.750000000000000000e+00 0.000000000000000000e+00 0.000000000000000000e+00
4.775000000000000355e+00 0.000000000000000000e+00 0.000000000000000000e+00
4.800000000000000711e+00 0.000000000000000000e+00 0.000000000000000000e+00
4.825000000000000178e+00 0.000000000000000000e+00 0.000000000000000000e+00
4.850000000000000533e+00 0.000000000000000000e+00 0.000000000000000000e+00
4.875000000000000000e+00 0.000000000000000000e+00 0.000000000000000000e+00
4.900000000000000355e+00 0.000000000000000000e+00 0.000000000000000000e+00
4.925000000000000711e+00 0.000000000000000000e+00 0.000000000000000000e+00
4.950000000000000178e+00 0.000000000000000000e+00 0.000000000000000000e+00
4.975000000000000533e+00 0.000000000000000000e+00 0.000000000000000000e+00
5.000000000000000000e+00 0.000000000000000000e+00 0.000000000000000000e+00
