# Direct solution for m=4, c=1.0
# xi f residual
-5.000000000000000000e+00 2.114742526881128182e+00 -9.932514636545874964e-04
-4.993742177722152675e+00 2.114080531956739950e+00 -7.262127086349323690e-07
-4.987484355444305351e+00 2.113417914563979316e+00 -7.278089175777324726e-07
-4.981226533166458026e+00 2.112754673335427213e+00 -7.294094990228927600e-07
-4.974968710888610701e+00 2.112090806898938578e+00 -7.310153633532934236e-07
-4.968710888610763377e+00 2.111426313877619254e+00 -7.326275368590984272e-07
-4.962453066332916052e+00 2.110761192889804239e+00 -7.342456127545915479e-07
-4.956195244055068727e+00 2.110095442549034583e+00 -7.358684559477524090e-07
-4.949937421777221402e+00 2.109429061464035637e+00 -7.374971575657696121e-07
-4.943679599499374078e+00 2.108762048238692621e+00 -7.391323335603772193e-07
-4.937421777221526753e+00 2.108094401472028867e+00 -7.407714539553467148e-07
-4.931163954943679428e+00 2.107426119758183169e+00 -7.424173946724010875e-07
-4.924906132665832104e+00 2.106757201686384473e+00 -7.440701157435114510e-07
-4.918648310387984779e+00 2.106087645840930112e+00 -7.457268043076226149e-07
-4.912390488110137454e+00 2.105417450801163159e+00 -7.473898246956878211e-07
-4.906132665832290130e+00 2.104746615141445343e+00 -7.490595317349857396e-07
-4.899874843554442805e+00 2.104075137431137055e+00 -7.507338475321034821e-07
-4.893617021276595480e+00 2.103403016234571155e+00 -7.524144884918371190e-07
-4.887359198998748155e+00 2.102730250111028987e+00 -7.541020421442112820e-07
-4.881101376720900831e+00 2.102056837614716400e+00 -7.557949608383296436e-07
-4.874843554443053506e+00 2.101382777294740656e+00 -7.574929949960562681e-07
-4.868585732165206181e+00 2.100708067695083781e+00 -7.591978206100691295e-07
-4.862327909887358857e+00 2.100032707354578143e+00 -7.609086907223172602e-07
-4.856070087609511532e+00 2.099356694806883361e+00 -7.626247460201796002e-07
-4.849812265331664207e+00 2.098680028580459656e+00 -7.643478454610885819e-07
-4.843554443053816883e+00 2.098002707198542538e+00 -7.660771137452115909e-07
-4.837296620775969558e+00 2.097324729179118830e+00 -7.678123350451926399e-07
-4.831038798498122233e+00 2.096646093034900016e+00 -7.695540116259280694e-07
-4.824780976220274908e+00 2.095966797273296933e+00 -7.713017757815521236e-07
-4.818523153942427584e+00 2.095286840396394901e+00 -7.730550088957954813e-07
-4.812265331664581147e+00 2.094606220900926186e+00 -7.748145312014287356e-07
-4.806007509386733823e+00 2.093924937278244247e+00 -7.765815555060839870e-07
-4.799749687108886498e+00 2.093242988014298422e+00 -7.783550057816057688e-07
-4.793491864831039173e+00 2.092560371589607282e+00 -7.801337553736686914e-07
-4.787234042553191848e+00 2.091877086479231096e+00 -7.819188443392022236e-07
-4.780976220275344524e+00 2.091193131152745632e+00 -7.837107829367084832e-07
-4.774718397997497199e+00 2.090508504074215512e+00 -7.855095898179342839e-07
-4.768460575719649874e+00 2.089823203702166676e+00 -7.873142808811905979e-07
-4.762202753441802550e+00 2.089137228489559295e+00 -7.891250675129413139e-07
-4.755944931163955225e+00 2.088450576883760235e+00 -7.909433690223011126e-07
-4.749687108886107900e+00 2.087763247326515081e+00 -7.927680392150193711e-07
-4.743429286608260576e+00 2.087075238253921938e+00 -7.945991788993467253e-07
-4.737171464330413251e+00 2.086386548096400784e+00 -7.964370500879169867e-07
-4.730913642052565926e+00 2.085697175278668603e+00 -7.982815510843010998e-07
-4.724655819774718601e+00 2.085007118219707412e+00 -8.001327471696129123e-07
-4.718397997496871277e+00 2.084316375332739835e+00 -8.019908794842933730e-07
-4.712140175219023952e+00 2.083624945025195796e+00 -8.038558045875277003e-07
-4.705882352941176627e+00 2.082932825698688539e+00 -8.057275362460813994e-07
-4.699624530663329303e+00 2.082240015748981765e+00 -8.076056849937174320e-07
-4.693366708385481978e+00 2.081546513565962542e+00 -8.094905119548911898e-07
-4.687108886107634653e+00 2.080852317533610663e+00 -8.113834306655576256e-07
-4.680851063829787329e+00 2.080157426029969781e+00 -8.132827171714041015e-07
-4.674593241551940004e+00 2.079461837427118098e+00 -8.151888137852836280e-07
-4.668335419274092679e+00 2.078765550091137282e+00 -8.171016201430347792e-07
-4.662077596996245354e+00 2.078068562382082707e+00 -8.190225764259650987e-07
-4.655819774718398030e+00 2.077370872653952816e+00 -8.209503756795299978e-07
-4.649561952440550705e+00 2.076672479254660697e+00 -8.228841075208492839e-07
-4.643304130162703380e+00 2.075973380525999445e+00 -8.248263565491242844e-07
-4.637046307884856056e+00 2.075273574803614629e+00 -8.267752256152505197e-07
-4.630788485607008731e+00 2.074573060416971870e+00 -8.287311392685126066e-07
-4.624530663329161406e+00 2.073871835689325316e+00 -8.306951868597423072e-07
-4.618272841051314082e+00 2.073169898937686106e+00 -8.326658922364060800e-07
-4.612015018773466757e+00 2.072467248472791734e+00 -8.346438780115761347e-07
-4.605757196495619432e+00 2.071763882599072293e+00 -8.366291481820553599e-07
-4.599499374217772107e+00 2.071059799614620278e+00 -8.386215322175871734e-07
-4.593241551939924783e+00 2.070354997811156395e+00 -8.406232021584969516e-07
-4.586983729662077458e+00 2.069649475473997580e+00 -8.426312656517609412e-07
-4.580725907384230133e+00 2.068943230882025919e+00 -8.446460322275584076e-07
-4.574468085106382809e+00 2.068236262307653117e+00 -8.466693244280065755e-07
-4.568210262828535484e+00 2.067528568016788526e+00 -8.487002038926050318e-07
-4.561952440550688159e+00 2.066820146268805836e+00 -8.507385076406137614e-07
-4.555694618272840835e+00 2.066110995316509324e+00 -8.527842059180557044e-07
-4.549436795994993510e+00 2.065401113406099221e+00 -8.548383090278832697e-07
-4.543178973717146185e+00 2.064690498777138838e+00 -8.569001521685493117e-07
-4.536921151439298860e+00 2.063979149662519941e+00 -8.589693365479433851e-07
-4.530663329161451536e+00 2.063267064288427211e+00 -8.610471295966704020e-07
-4.524405506883604211e+00 2.062554240874304945e+00 -8.631322008234576515e-07
-4.518147684605756886e+00 2.061840677632821084e+00 -8.652251093366203349e-07
-4.511889862327909562e+00 2.061126372769832571e+00 -8.673266012060310004e-07
-4.505632040050062237e+00 2.060411324484349382e+00 -8.694359103778026565e-07
-4.499374217772214912e+00 2.059695530968499000e+00 -8.715531634173601105e-07
-4.493116395494367588e+00 2.058978990407491327e+00 -8.736786947238783796e-07
-4.486858573216521151e+00 2.058261700979581388e+00 -8.758108287487686994e-07
-4.480600750938673826e+00 2.057543660856033352e+00 -8.779533549052587205e-07
-4.474342928660826502e+00 2.056824868201083234e+00 -8.801036042171972440e-07
-4.468085106382979177e+00 2.056105321171904254e+00 -8.822614527836947218e-07
-4.461827284105131852e+00 2.055385017918566870e+00 -8.844280849906738240e-07
-4.455569461827284528e+00 2.054663956584003248e+00 -8.866032596976936020e-07
-4.449311639549437203e+00 2.053942135303969074e+00 -8.887871310037098738e-07
-4.443053817271589878e+00 2.053219552207005361e+00 -8.909790243372128771e-07
-4.436795994993742553e+00 2.052496205414401587e+00 -8.931782380372510488e-07
-4.430538172715895229e+00 2.051772093040155731e+00 -8.953873411599033716e-07
-4.424280350438047904e+00 2.051047213190935636e+00 -8.976058851750678969e-07
-4.418022528160200579e+00 2.050321563966042149e+00 -8.998312028829502651e-07
-4.411764705882353255e+00 2.049595143457368263e+00 -9.020657025793354933e-07
-4.405506883604505930e+00 2.048867949749359152e+00 -9.043095721139593479e-07
-4.399249061326658605e+00 2.048139980918973979e+00 -9.065620489856485165e-07
-4.392991239048811281e+00 2.047411235035645483e+00 -9.088231665010937377e-07
-4.386733416770963956e+00 2.046681710161240009e+00 -9.110929872768736004e-07
-4.380475594493116631e+00 2.045951404350014879e+00 -9.133723222198852909e-07
-4.374217772215269306e+00 2.045220315648581089e+00 -9.156604749982477642e-07
-4.367959949937421982e+00 2.044488442095859781e+00 -9.179569473438675686e-07
-4.361702127659574657e+00 2.043755781723041842e+00 -9.202626443105543785e-07
-4.355444305381727332e+00 2.043022332553545706e+00 -9.225780832622376693e-07
-4.349186483103880008e+00 2.042288092602976057e+00 -9.249026038382623938e-07
-4.342928660826032683e+00 2.041553059879081200e+00 -9.272360488310482651e-07
-4.336670838548185358e+00 2.040817232381711310e+00 -9.295789400454168572e-07
-4.330413016270338034e+00 2.040080608102774917e+00 -9.319306797372917117e-07
-4.324155193992490709e+00 2.039343185026195826e+00 -9.342921858390695888e-07
-4.317897371714643384e+00 2.038604961127870041e+00 -9.366630933094199918e-07
-4.311639549436796059e+00 2.037865934375622690e+00 -9.390429034361602589e-07
-4.305381727158948735e+00 2.037126102729162724e+00 -9.414335724322597798e-07
-4.299123904881101410e+00 2.036385464140039403e+00 -9.438327945865410129e-07
-4.292866082603254085e+00 2.035644016551598767e+00 -9.462414878314007183e-07
-4.286608260325406761e+00 2.034901757898936570e+00 -9.486604803932152663e-07
-4.280350438047559436e+00 2.034158686108854752e+00 -9.510891696429268904e-07
-4.274092615769712111e+00 2.033414799099815262e+00 -9.535275897754047492e-07
-4.267834793491864787e+00 2.032670094781894754e+00 -9.559755373977907311e-07
-4.261576971214017462e+00 2.031924571056737960e+00 -9.584331541745427785e-07
-4.255319148936170137e+00 2.031178225817511507e+00 -9.609014970379803344e-07
-4.249061326658322812e+00 2.030431056948856394e+00 -9.633797097841068080e-07
-4.242803504380475488e+00 2.029683062326842702e+00 -9.658670458989604413e-07
-4.236545682102628163e+00 2.028934239818919849e+00 -9.683648523051147095e-07
-4.230287859824780838e+00 2.028184587283870854e+00 -9.708732529034591607e-07
-4.224030037546933514e+00 2.027434102571762153e+00 -9.733916779275375575e-07
-4.217772215269086189e+00 2.026682783523897857e+00 -9.759203605241850710e-07
-4.211514392991238864e+00 2.025930627972767795e+00 -9.784598757889284570e-07
-4.205256570713391540e+00 2.025177633742001326e+00 -9.810097374440829299e-07
-4.198998748435544215e+00 2.024423798646315831e+00 -9.835698517868252111e-07
-4.192740926157696890e+00 2.023669120491467854e+00 -9.861395744437118083e-07
-4.186483103879849565e+00 2.022913597074202929e+00 -9.887205698611012394e-07
-4.180225281602002241e+00 2.022157226182204059e+00 -9.913125107452458451e-07
-4.173967459324154916e+00 2.021400005594042426e+00 -9.939145044768338266e-07
-4.167709637046307591e+00 2.020641933079124097e+00 -9.965279126333825843e-07
-4.161451814768460267e+00 2.019883006397640735e+00 -9.991520526497765786e-07
-4.155193992490612942e+00 2.019123223300515413e+00 -1.001786527510262204e-06
-4.148936170212765617e+00 2.018362581529351996e+00 -1.004432124585008523e-06
-4.142678347934918293e+00 2.017601078816381399e+00 -1.007089336813038472e-06
-4.136420525657070968e+00 2.016838712884408302e+00 -1.009756884773338470e-06
-4.130162703379223643e+00 2.016075481446758744e+00 -1.012435419056600949e-06
-4.123904881101376318e+00 2.015311382207224611e+00 -1.015126010361910858e-06
-4.117647058823528994e+00 2.014546412860011237e+00 -1.017827720328767782e-06
-4.111389236545681669e+00 2.013780571089681004e+00 -1.020540317142604181e-06
-4.105131414267834344e+00 2.013013854571099603e+00 -1.023263696886544949e-06
-4.098873591989987020e+00 2.012246260969380085e+00 -1.025998697556929073e-06
-4.092615769712139695e+00 2.011477787939826012e+00 -1.028746957842940901e-06
-4.086357947434293258e+00 2.010708433127876837e+00 -1.031504281545636559e-06
-4.080100125156445934e+00 2.009938194169050618e+00 -1.034274910161059324e-06
-4.073842302878598609e+00 2.009167068688885838e+00 -1.037056945207837089e-06
-4.067584480600751284e+00 2.008395054302886340e+00 -1.039850563877564582e-06
-4.061326658322903960e+00 2.007622148616460045e+00 -1.042656430083610530e-06
-4.055068836045056635e+00 2.006848349224863881e+00 -1.045474141037061599e-06
-4.048811013767209310e+00 2.006073653713142946e+00 -1.048303414297180325e-06
-4.042553191489361986e+00 2.005298059656072329e+00 -1.051144348895860503e-06
-4.036295369211514661e+00 2.004521564618096274e+00 -1.053997665589889721e-06
-4.030037546933667336e+00 2.003744166153269113e+00 -1.056864486592701269e-06
-4.023779724655820011e+00 2.002965861805194425e+00 -1.059742437803379289e-06
-4.017521902377972687e+00 2.002186649106964644e+00 -1.062632290604881291e-06
-4.011264080100125362e+00 2.001406525581098439e+00 -1.065535401245654157e-06
-4.005006257822278037e+00 2.000625488739478985e+00 -1.068450715013824492e-06
-3.998748435544430713e+00 1.999843536083293571e+00 -1.071378611605666720e-06
-3.992490613266583388e+00 1.999060665102967649e+00 -1.074318788152339721e-06
-3.986232790988736063e+00 1.998276873278103993e+00 -1.077272244742744078e-06
-3.979974968710888739e+00 1.997492158077417868e+00 -1.080238256845333922e-06
-3.973717146433041414e+00 1.996706516958673516e+00 -1.083216787600704833e-06
-3.967459324155194089e+00 1.995919947368618219e+00 -1.086208607947725113e-06
-3.961201501877346765e+00 1.995132446742918564e+00 -1.089213160110347189e-06
-3.954943679599499440e+00 1.994344012506093611e+00 -1.092230918375847182e-06
-3.948685857321652115e+00 1.993554642071449390e+00 -1.095262130323959582e-06
-3.942428035043804790e+00 1.992764332841011621e+00 -1.098306451563502151e-06
-3.936170212765957466e+00 1.991973082205459322e+00 -1.101363918509790096e-06
-3.929912390488110141e+00 1.991180887544056644e+00 -1.104434557142042195e-06
-3.923654568210262816e+00 1.990387746224584475e+00 -1.107518874610136095e-06
-3.917396745932415492e+00 1.989593655603272282e+00 -1.110617003696745542e-06
-3.911138923654568167e+00 1.988798613024728157e+00 -1.113728726798157709e-06
-3.904881101376720842e+00 1.988002615821869545e+00 -1.116854377869458403e-06
-3.898623279098873518e+00 1.987205661315853078e+00 -1.119993066955871086e-06
-3.892365456821026193e+00 1.986407746816003517e+00 -1.123145773274103476e-06
-3.886107634543178868e+00 1.985608869619742034e+00 -1.126313094790276637e-06
-3.879849812265331543e+00 1.984809027012514937e+00 -1.129494332063885054e-06
-3.873591989987484219e+00 1.984008216267720615e+00 -1.132689210869841645e-06
-3.867334167709636894e+00 1.983206434646636929e+00 -1.135898693105374946e-06
-3.861076345431789569e+00 1.982403679398347274e+00 -1.139122697724204158e-06
-3.854818523153942245e+00 1.981599947759666858e+00 -1.142360458672442292e-06
-3.848560700876094920e+00 1.980795236955067873e+00 -1.145613054642780071e-06
-3.842302878598247595e+00 1.979989544196603335e+00 -1.148880655055251054e-06
-3.836045056320400271e+00 1.979182866683832476e+00 -1.152162404371992466e-06
-3.829787234042552946e+00 1.978375201603743472e+00 -1.155458464019432085e-06
-3.823529411764705621e+00 1.977566546130676839e+00 -1.158770284392929284e-06
-3.817271589486858296e+00 1.976756897426246828e+00 -1.162096953999380844e-06
-3.811013767209010972e+00 1.975946252639264600e+00 -1.165438072714408690e-06
-3.804755944931163647e+00 1.975134608905657840e+00 -1.168794846462262171e-06
-3.798498122653316766e+00 1.974321963348392606e+00 -1.172165982277206808e-06
-3.792240300375469442e+00 1.973508313077392051e+00 -1.175553518750760418e-06
-3.785982478097622117e+00 1.972693655189456274e+00 -1.178955676861548341e-06
-3.779724655819774792e+00 1.971877986768181046e+00 -1.182373944752512784e-06
-3.773466833541927468e+00 1.971061304883875209e+00 -1.185807637638092160e-06
-3.767209011264080143e+00 1.970243606593478303e+00 -1.189256633615798364e-06
-3.760951188986232818e+00 1.969424888940477958e+00 -1.192721932996576584e-06
-3.754693366708385494e+00 1.968605148954824191e+00 -1.196202773945387321e-06
-3.748435544430538169e+00 1.967784383652846580e+00 -1.199699737775006270e-06
-3.742177722152690844e+00 1.966962590037167669e+00 -1.203212695255473363e-06
-3.735919899874843519e+00 1.966139765096617698e+00 -1.206741735204630572e-06
-3.729662077596996195e+00 1.965315905806147123e+00 -1.210287638553353418e-06
-3.723404255319148870e+00 1.964491009126740462e+00 -1.213849379233522541e-06
-3.717146433041301545e+00 1.963665072005326806e+00 -1.217427537669735216e-06
-3.710888610763454221e+00 1.962838091374692340e+00 -1.221022611019861870e-06
-3.704630788485607340e+00 1.962010064153389743e+00 -1.224634582186467924e-06
-3.698372966207760015e+00 1.961180987245648488e+00 -1.228263320607325682e-06
-3.692115143929912691e+00 1.960350857541284020e+00 -1.231908960397376518e-06
-3.685857321652065366e+00 1.959519671915606054e+00 -1.235571003288526981e-06
-3.679599499374218041e+00 1.958687427229325984e+00 -1.239250757789633894e-06
-3.673341677096370717e+00 1.957854120328463177e+00 -1.242947888613343821e-06
-3.667083854818523392e+00 1.957019748044252605e+00 -1.246661577525287612e-06
-3.660826032540676067e+00 1.956184307193048477e+00 -1.250393724117060401e-06
-3.654568210262828742e+00 1.955347794576229647e+00 -1.254142966589100183e-06
-3.648310387984981418e+00 1.954510206980103915e+00 -1.257909939988977044e-06
-3.642052565707134093e+00 1.953671541175809434e+00 -1.261695006027352406e-06
-3.635794743429286768e+00 1.952831793919218573e+00 -1.265497649560742843e-06
-3.629536921151439444e+00 1.951990961950837988e+00 -1.269317918106693810e-06
-3.623279098873592119e+00 1.951149041995710709e+00 -1.273157013148562555e-06
-3.617021276595744794e+00 1.950306030763313991e+00 -1.277014964884415349e-06
-3.610763454317897470e+00 1.949461924947459845e+00 -1.280889969423881780e-06
-3.604505632040050145e+00 1.948616721226192894e+00 -1.284783850863391308e-06
-3.598247809762202820e+00 1.947770416261687121e+00 -1.288697222712187340e-06
-3.591989987484355495e+00 1.946923006700141956e+00 -1.292628761584424524e-06
-3.585732165206508171e+00 1.946074489171679467e+00 -1.296578961973438027e-06
-3.579474342928660846e+00 1.945224860290237334e+00 -1.300548529759026906e-06
-3.573216520650813521e+00 1.944374116653463824e+00 -1.304536780821763386e-06
-3.566958698372966197e+00 1.943522254842610097e+00 -1.308544493650032337e-06
-3.560700876095118872e+00 1.942669271422422517e+00 -1.312571854095168078e-06
-3.554443053817271547e+00 1.941815162941033401e+00 -1.316618421398629835e-06
-3.548185231539424223e+00 1.940959925929852448e+00 -1.320684691386020404e-06
-3.541927409261576898e+00 1.940103556903454374e+00 -1.324771196742347001e-06
-3.535669586983729573e+00 1.939246052359468564e+00 -1.328877204720413374e-06
-3.529411764705882248e+00 1.938387408778466270e+00 -1.333003009973410258e-06
-3.523153942428034924e+00 1.937527622623846701e+00 -1.337148981317426433e-06
-3.516896120150187599e+00 1.936666690341722896e+00 -1.341315395420039636e-06
-3.510638297872340274e+00 1.935804608360806256e+00 -1.345502647076557423e-06
-3.504380475594492950e+00 1.934941373092290196e+00 -1.349710642584156517e-06
-3.498122653316645625e+00 1.934076980929732459e+00 -1.353938570147761311e-06
-3.491864831038798300e+00 1.933211428248937658e+00 -1.358187433408986067e-06
-3.485607008760950976e+00 1.932344711407836035e+00 -1.362457771048042332e-06
-3.479349186483103651e+00 1.931476826746365338e+00 -1.366748577869003611e-06
-3.473091364205256326e+00 1.930607770586347582e+00 -1.371061332466894100e-06
-3.466833541927409001e+00 1.929737539231367371e+00 -1.375395295877268609e-06
-3.460575719649561677e+00 1.928866128966648441e+00 -1.379750705243765196e-06
-3.454317897371714352e+00 1.927993536058928647e+00 -1.384127974013438234e-06
-3.448060075093867027e+00 1.927119756756334290e+00 -1.388527276935391797e-06
-3.441802252816020147e+00 1.926244787288254212e+00 -1.392947720946224877e-06
-3.435544430538172822e+00 1.925368623865210571e+00 -1.397390790414121398e-06
-3.429286608260325497e+00 1.924491262678731163e+00 -1.401856723148853234e-06
-3.423028785982478173e+00 1.923612699901218415e+00 -1.406345169874256840e-06
-3.416770963704630848e+00 1.922732931685818825e+00 -1.410855438921387872e-06
-3.410513141426783523e+00 1.921851954166290621e+00 -1.415388651393456598e-06
-3.404255319148936199e+00 1.920969763456869206e+00 -1.419945193648075588e-06
-3.397997496871088874e+00 1.920086355652134369e+00 -1.424524502358082145e-06
-3.391739674593241549e+00 1.919201726826872401e+00 -1.429127124197293597e-06
-3.385481852315394224e+00 1.918315873035940644e+00 -1.433753273660798300e-06
-3.379224030037546900e+00 1.917428790314128273e+00 -1.438402908116032108e-06
-3.372966207759699575e+00 1.916540474676017292e+00 -1.443076160789757978e-06
-3.366708385481852250e+00 1.915650922115842203e+00 -1.447773742002667063e-06
-3.360450563204004926e+00 1.914760128607346790e+00 -1.452495010934029551e-06
-3.354192740926157601e+00 1.913868090103642672e+00 -1.457240621505206946e-06
-3.347934918648310720e+00 1.912974802537063201e+00 -1.462010537300884039e-06
-3.341677096370463396e+00 1.912080261819018689e+00 -1.466805462646547653e-06
-3.335419274092616071e+00 1.911184463839849412e+00 -1.471624432314300179e-06
-3.329161451814768746e+00 1.910287404468676842e+00 -1.476468837413591473e-06
-3.322903629536921422e+00 1.909389079553253987e+00 -1.481338435471712955e-06
-3.316645807259074097e+00 1.908489484919814627e+00 -1.486232659830832858e-06
-3.310387984981226772e+00 1.907588616372921209e+00 -1.491153388544219638e-06
-3.304130162703379447e+00 1.906686469695309860e+00 -1.496099377717996504e-06
-3.297872340425532123e+00 1.905783040647737181e+00 -1.501070490794731427e-06
-3.291614518147684798e+00 1.904878324968821923e+00 -1.506067712764291855e-06
-3.285356695869837473e+00 1.903972318374888451e+00 -1.511091654027296727e-06
-3.279098873591990149e+00 1.903065016559805978e+00 -1.516142517310470339e-06
-3.272841051314142824e+00 1.902156415194829142e+00 -1.521218923938860712e-06
-3.266583229036295499e+00 1.901246509928435247e+00 -1.526322288558645823e-06
-3.260325406758448175e+00 1.900335296386159722e+00 -1.531452951120115813e-06
-3.254067584480600850e+00 1.899422770170432262e+00 -1.536610766184054455e-06
-3.247809762202753525e+00 1.898508926860408730e+00 -1.541796011750307116e-06
-3.241551939924906200e+00 1.897593762011803964e+00 -1.547008049662679241e-06
-3.235294117647058876e+00 1.896677271156721467e+00 -1.552248373837272766e-06
-3.229036295369211551e+00 1.895759449803481766e+00 -1.557516981609552431e-06
-3.222778473091364226e+00 1.894840293436449885e+00 -1.562813148447972367e-06
-3.216520650813516902e+00 1.893919797515860592e+00 -1.568137985907824827e-06
-3.210262828535669577e+00 1.892997957477642545e+00 -1.573491092088374899e-06
-3.204005006257822252e+00 1.892074768733239987e+00 -1.578873032537231325e-06
-3.197747183979974928e+00 1.891150226669433110e+00 -1.584284479605457818e-06
-3.191489361702127603e+00 1.890224326648157982e+00 -1.589724968997785481e-06
-3.185231539424280278e+00 1.889297064006322469e+00 -1.595194519143916523e-06
-3.178973717146432953e+00 1.888368434055622824e+00 -1.600693755099413806e-06
-3.172715894868585629e+00 1.887438432082356510e+00 -1.606222903127729751e-06
-3.166458072590738304e+00 1.886507053347235008e+00 -1.611782202592948465e-06
-3.160200250312890979e+00 1.885574293085193087e+00 -1.617371548690016425e-06
-3.153942428035043655e+00 1.884640146505198510e+00 -1.622991538718920879e-06
-3.147684605757196330e+00 1.883704608790057300e+00 -1.628642669615487648e-06
-3.141426783479349005e+00 1.882767675096219673e+00 -1.634324506616380290e-06
-3.135168961201501681e+00 1.881829340553582641e+00 -1.640037315508990901e-06
-3.128911138923654356e+00 1.880889600265290618e+00 -1.645781493309073085e-06
-3.122653316645807031e+00 1.879948449307535574e+00 -1.651557679949178237e-06
-3.116395494367959706e+00 1.879005882729353427e+00 -1.657366108798186133e-06
-3.110137672090112382e+00 1.878061895552419758e+00 -1.663206278701423457e-06
-3.103879849812265057e+00 1.877116482770843753e+00 -1.669078703692150611e-06
-3.097622027534417732e+00 1.876169639350958374e+00 -1.674984124955258835e-06
-3.091364205256570408e+00 1.875221360231111412e+00 -1.680922344649005140e-06
-3.085106382978723527e+00 1.874271640321450993e+00 -1.686893470465022915e-06
-3.078848560700876202e+00 1.873320474503712862e+00 -1.692898061733671966e-06
-3.072590738423028878e+00 1.872367857631001886e+00 -1.698936863636646422e-06
-3.066332916145181553e+00 1.871413784527574675e+00 -1.705009115005040599e-06
-3.060075093867334228e+00 1.870458249988617760e+00 -1.711115340308211330e-06
-3.053817271589486904e+00 1.869501248780024438e+00 -1.717256244093690043e-06
-3.047559449311639579e+00 1.868542775638170728e+00 -1.723431919842255411e-06
-3.041301627033792254e+00 1.867582825269685554e+00 -1.729642388648144902e-06
-3.035043804755944929e+00 1.866621392351224040e+00 -1.735888097931237439e-06
-3.028785982478097605e+00 1.865658471529232587e+00 -1.742169656759884333e-06
-3.022528160200250280e+00 1.864694057419716833e+00 -1.748486847752417361e-06
-3.016270337922402955e+00 1.863728144608004289e+00 -1.754839992651469061e-06
-3.010012515644555631e+00 1.862760727648505199e+00 -1.761229537100561515e-06
-3.003754693366708306e+00 1.861791801064472063e+00 -1.767655589235417324e-06
-2.997496871088860981e+00 1.860821359347755166e+00 -1.774118769670707252e-06
-2.991239048811013657e+00 1.859849396958557000e+00 -1.780618955615764776e-06
-2.984981226533166332e+00 1.858875908325184456e+00 -1.787157043908749188e-06
-2.978723404255319007e+00 1.857900887843795923e+00 -1.793732898658362274e-06
-2.972465581977471683e+00 1.856924329878150370e+00 -1.800346325353530119e-06
-2.966207759699624358e+00 1.855946228759349115e+00 -1.806998294773265457e-06
-2.959949937421777033e+00 1.854966578785578912e+00 -1.813689078034030899e-06
-2.953692115143929708e+00 1.853985374221849503e+00 -1.820419357922986592e-06
-2.947434292866082828e+00 1.853002609299730485e+00 -1.827188256697809265e-06
-2.941176470588235503e+00 1.852018278217085312e+00 -1.833997011813082167e-06
-2.934918648310388178e+00 1.851032375137800612e+00 -1.840845864187201641e-06
-2.928660826032540854e+00 1.850044894191516409e+00 -1.847734595994410256e-06
-2.922403003754693529e+00 1.849055829473349455e+00 -1.854664648526238580e-06
-2.916145181476846204e+00 1.848065175043617225e+00 -1.861635192446087217e-06
-2.909887359198998880e+00 1.847072924927556814e+00 -1.868646783531602296e-06
-2.903629536921151555e+00 1.846079073115042490e+00 -1.875700291087412097e-06
-2.897371714643304230e+00 1.845083613560299041e+00 -1.882795440666384934e-06
-2.891113892365456906e+00 1.844086540181612888e+00 -1.889933251453257412e-06
-2.884856070087609581e+00 1.843087846861040546e+00 -1.897113788729143380e-06
-2.878598247809762256e+00 1.842087527444113304e+00 -1.904336489388924747e-06
-2.872340425531914931e+00 1.841085575739539681e+00 -1.911603026094610414e-06
-2.866082603254067607e+00 1.840081985518903451e+00 -1.918913224097096304e-06
-2.859824780976220282e+00 1.839076750516360548e+00 -1.926267459761987766e-06
-2.853566958698372957e+00 1.838069864428330424e+00 -1.933666360587338318e-06
-2.847309136420525633e+00 1.837061320913186746e+00 -1.941109143199781784e-06
-2.841051314142678308e+00 1.836051113590942974e+00 -1.948597711187716186e-06
-2.834793491864830983e+00 1.835039236042934840e+00 -1.956131919111925299e-06
-2.828535669586983659e+00 1.834025681811500830e+00 -1.963711584673788479e-06
-2.822277847309136334e+00 1.833010444399657102e+00 -1.971337743933432307e-06
-2.816020025031289009e+00 1.831993517270771976e+00 -1.979010302743944294e-06
-2.809762202753441684e+00 1.830974893848233753e+00 -1.986730100655975662e-06
-2.803504380475594360e+00 1.829954567515116759e+00 -1.994497370150227766e-06
-2.797246558197747035e+00 1.828932531613844725e+00 -2.002312039728337822e-06
-2.790988735919899710e+00 1.827908779445848175e+00 -2.010175537137115498e-06
-2.784730913642052386e+00 1.826883304271219810e+00 -2.018087421395975412e-06
-2.778473091364205061e+00 1.825856099308366565e+00 -2.026048292691484676e-06
-2.772215269086358180e+00 1.824827157733656113e+00 -2.034058794286863758e-06
-2.765957446808510856e+00 1.823796472681061376e+00 -2.042118859124641972e-06
-2.759699624530663531e+00 1.822764037241800805e+00 -2.050229387817736892e-06
-2.753441802252816206e+00 1.821729844463973791e+00 -2.058390682568855823e-06
-2.747183979974968882e+00 1.820693887352193174e+00 -2.066603314476722630e-06
-2.740926157697121557e+00 1.819656158867213547e+00 -2.074867639700883615e-06
-2.734668335419274232e+00 1.818616651925555328e+00 -2.083183541001787376e-06
-2.728410513141426907e+00 1.817575359399125290e+00 -2.091551942307035006e-06
-2.722152690863579583e+00 1.816532274114831536e+00 -2.099973729796644761e-06
-2.715894868585732258e+00 1.815487388854196027e+00 -2.108448900361992173e-06
-2.709637046307884933e+00 1.814440696352961790e+00 -2.116977476207537734e-06
-2.703379224030037609e+00 1.813392189300696566e+00 -2.125560613519539288e-06
-2.697121401752190284e+00 1.812341860340390909e+00 -2.134198836101219854e-06
-2.690863579474342959e+00 1.811289702068052732e+00 -2.142891720957607049e-06
-2.684605757196495635e+00 1.810235707032297858e+00 -2.151640847491975705e-06
-2.678347934918648310e+00 1.809179867733934577e+00 -2.160446507470936695e-06
-2.672090112640800985e+00 1.808122176625545086e+00 -2.169308610744380417e-06
-2.665832290362953660e+00 1.807062626111060943e+00 -2.178227773708130144e-06
-2.659574468085106336e+00 1.806001208545335190e+00 -2.187204774406481533e-06
-2.653316645807259011e+00 1.804937916233707806e+00 -2.196240505458746384e-06
-2.647058823529411686e+00 1.803872741431568505e+00 -2.205334618254894963e-06
-2.640801001251564362e+00 1.802805676343913310e+00 -2.214487972329592935e-06
-2.634543178973717037e+00 1.801736713124895584e+00 -2.223701343728734514e-06
-2.628285356695869712e+00 1.800665843877373717e+00 -2.232975230498368546e-06
-2.622027534418022388e+00 1.799593060652452170e+00 -2.242309842692691291e-06
-2.615769712140175063e+00 1.798518355449018058e+00 -2.251705568223627552e-06
-2.609511889862327738e+00 1.797441720213271754e+00 -2.261163902783636104e-06
-2.603254067584480413e+00 1.796363146838253932e+00 -2.270684699823277697e-06
-2.596996245306633533e+00 1.795282627163364397e+00 -2.280268639465177216e-06
-2.590738423028786208e+00 1.794200152973878248e+00 -2.289916014364123953e-06
-2.584480600750938883e+00 1.793115716000453830e+00 -2.299628332647074558e-06
-2.578222778473091559e+00 1.792029307918637793e+00 -2.309404795397540511e-06
-2.571964956195244234e+00 1.790940920348362386e+00 -2.319246875881475489e-06
-2.565707133917396909e+00 1.789850544853436753e+00 -2.329155407210237172e-06
-2.559449311639549585e+00 1.788758172941034674e+00 -2.339130201090000583e-06
-2.553191489361702260e+00 1.787663796061173427e+00 -2.349172434135127219e-06
-2.546933667083854935e+00 1.786567405606189318e+00 -2.359282810671103903e-06
-2.540675844806007611e+00 1.785468992910204111e+00 -2.369461628237701234e-06
-2.534418022528160286e+00 1.784368549248588565e+00 -2.379709574729105270e-06
-2.528160200250312961e+00 1.783266065837416425e+00 -2.390027493692770122e-06
-2.521902377972465636e+00 1.782161533832914424e+00 -2.400415446413006748e-06
-2.515644555694618312e+00 1.781054944330904721e+00 -2.410874776925808760e-06
-2.509386733416770987e+00 1.779946288366240692e+00 -2.421406005037596287e-06
-2.503128911138923662e+00 1.778835556912236271e+00 -2.432009442943083855e-06
-2.496871088861076338e+00 1.777722740880088415e+00 -2.442686216186373827e-06
-2.490613266583229013e+00 1.776607831118293346e+00 -2.453437131233471291e-06
-2.484355444305381688e+00 1.775490818412054139e+00 -2.464261961598879225e-06
-2.478097622027534364e+00 1.774371693482683643e+00 -2.475162251158735671e-06
-2.471839799749687039e+00 1.773250446986997186e+00 -2.486139127233499835e-06
-2.465581977471839714e+00 1.772127069516701514e+00 -2.497191827766087613e-06
-2.459324155193992389e+00 1.771001551597773060e+00 -2.508322509475746642e-06
-2.453066332916145065e+00 1.769873883689830896e+00 -2.519531327793700370e-06
-2.446808510638297740e+00 1.768744056185501456e+00 -2.530818377977084310e-06
-2.440550688360450415e+00 1.767612059409774616e+00 -2.542185422838016962e-06
-2.434292866082603091e+00 1.766477883619353539e+00 -2.553633269952726437e-06
-2.428035043804755766e+00 1.765341519001994763e+00 -2.565162315670832527e-06
-2.421777221526908441e+00 1.764202955675842954e+00 -2.576772902163071421e-06
-2.415519399249061561e+00 1.763062183688753448e+00 -2.588466845310222197e-06
-2.409261576971214236e+00 1.761919193017610574e+00 -2.600244104700166758e-06
-2.403003754693366911e+00 1.760773973567634432e+00 -2.612105858279534232e-06
-2.396745932415519587e+00 1.759626515171681671e+00 -2.624052438671142795e-06
-2.390488110137672262e+00 1.758476807589534952e+00 -2.636085714158298288e-06
-2.384230287859824937e+00 1.757324840507185293e+00 -2.648205815303228405e-06
-2.377972465581977612e+00 1.756170603536105990e+00 -2.660413117805404681e-06
-2.371714643304130288e+00 1.755014086212514979e+00 -2.672709977336040765e-06
-2.365456821026282963e+00 1.753855277996630546e+00 -2.685095781274071669e-06
-2.359198998748435638e+00 1.752694168271916597e+00 -2.697572053511620993e-06
-2.352941176470588314e+00 1.751530746344317491e+00 -2.710140036166208688e-06
-2.346683354192740989e+00 1.750365001441485324e+00 -2.722799960608313086e-06
-2.340425531914893664e+00 1.749196922711995450e+00 -2.735553296773218790e-06
-2.334167709637046340e+00 1.748026499224553332e+00 -2.748400495411473798e-06
-2.327909887359199015e+00 1.746853719967189855e+00 -2.761342765111862718e-06
-2.321652065081351690e+00 1.745678573846448201e+00 -2.774381218539900829e-06
-2.315394242803504365e+00 1.744501049686559391e+00 -2.787516842683857021e-06
-2.309136420525657041e+00 1.743321136228606072e+00 -2.800750225073755928e-06
-2.302878598247809716e+00 1.742138822129677633e+00 -2.814082354252178675e-06
-2.296620775969962391e+00 1.740954095962013337e+00 -2.827515154679716147e-06
-2.290362953692115067e+00 1.739766946212133902e+00 -2.841048634127929517e-06
-2.284105131414267742e+00 1.738577361279963318e+00 -2.854683796238433047e-06
-2.277847309136420417e+00 1.737385329477936891e+00 -2.868422649182633677e-06
-2.271589486858573093e+00 1.736190839030099964e+00 -2.882265371484393768e-06
-2.265331664580725768e+00 1.734993878071193762e+00 -2.896213433745131738e-06
-2.259073842302878443e+00 1.733794434645728799e+00 -2.910268028122331430e-06
-2.252816020025031118e+00 1.732592496707047180e+00 -2.924430039907832679e-06
-2.246558197747183794e+00 1.731388052116371812e+00 -2.938700246701841934e-06
-2.240300375469336913e+00 1.730181088641842946e+00 -2.953080755263570722e-06
-2.234042553191489588e+00 1.728971593957541630e+00 -2.967572057421818954e-06
-2.227784730913642264e+00 1.727759555642502054e+00 -2.982175162147271408e-06
-2.221526908635794939e+00 1.726544961179707904e+00 -2.996891617534913621e-06
-2.215269086357947614e+00 1.725327797955077624e+00 -3.011722473189593074e-06
-2.209011264080100290e+00 1.724108053256434570e+00 -3.026668956351841189e-06
-2.202753441802252965e+00 1.722885714272463620e+00 -3.041732322017765000e-06
-2.196495619524405640e+00 1.721660768091654914e+00 -3.056913882248935010e-06
-2.190237797246558316e+00 1.720433201701230486e+00 -3.072215203347994361e-06
-2.183979974968710991e+00 1.719203001986060020e+00 -3.087636982090913307e-06
-2.177722152690863666e+00 1.717970155727558845e+00 -3.103180319596887671e-06
-2.171464330413016341e+00 1.716734649602571494e+00 -3.118847384575573756e-06
-2.165206508135169017e+00 1.715496470182241717e+00 -3.134639507518244272e-06
-2.158948685857321692e+00 1.714255603930864069e+00 -3.150556906028612048e-06
-2.152690863579474367e+00 1.713012037204723059e+00 -3.166601737492058533e-06
-2.146433041301627043e+00 1.711765756250912540e+00 -3.182775839771778692e-06
-2.140175219023779718e+00 1.710516747206141774e+00 -3.199080095050987893e-06
-2.133917396745932393e+00 1.709264996095523514e+00 -3.215515846033412117e-06
-2.127659574468085069e+00 1.708010488831345208e+00 -3.232084452964301136e-06
-2.121401752190237744e+00 1.706753211211823773e+00 -3.248787673548747534e-06
-2.115143929912390419e+00 1.705493148919841495e+00 -3.265627152249095388e-06
-2.108886107634543094e+00 1.704230287521665499e+00 -3.282604238208364222e-06
-2.102628285356695770e+00 1.702964612465648786e+00 -3.299720109373183163e-06
-2.096370463078848445e+00 1.701696109080912844e+00 -3.316976904255142244e-06
-2.090112640801001120e+00 1.700424762576010274e+00 -3.334375792363175606e-06
-2.083854818523153796e+00 1.699150558037571646e+00 -3.351918677951815084e-06
-2.077596996245306471e+00 1.697873480428928827e+00 -3.369607062930768393e-06
-2.071339173967459146e+00 1.696593514588722318e+00 -3.387442373270488361e-06
-2.065081351689611822e+00 1.695310645229485935e+00 -3.405426519220711157e-06
-2.058823529411764941e+00 1.694024856936213075e+00 -3.423561284687792750e-06
-2.052565707133917616e+00 1.692736134164900097e+00 -3.441848185348206357e-06
-2.046307884856070292e+00 1.691444461241071062e+00 -3.460289245360570476e-06
-2.040050062578222967e+00 1.690149822358278930e+00 -3.478885645780138702e-06
-2.033792240300375642e+00 1.688852201576586332e+00 -3.497639834870724940e-06
-2.027534418022528317e+00 1.687551582821022800e+00 -3.516553626514706821e-06
-2.021276595744680993e+00 1.686247949880020691e+00 -3.535628354089936920e-06
-2.015018773466833668e+00 1.684941286403827121e+00 -3.554866095711872731e-06
-2.008760951188986343e+00 1.683631575902893474e+00 -3.574268975903294177e-06
-2.002503128911139019e+00 1.682318801746238712e+00 -3.593838838300555949e-06
-1.996245306633291694e+00 1.681002947159791816e+00 -3.613577516325960914e-06
-1.989987484355444369e+00 1.679683995224706905e+00 -3.633486982179690017e-06
-1.983729662077597045e+00 1.678361928875653719e+00 -3.653569593531358350e-06
-1.977471839799749720e+00 1.677036730899083450e+00 -3.673827083661151960e-06
-1.971214017521902395e+00 1.675708383931466816e+00 -3.694261655473596306e-06
-1.964956195244055071e+00 1.674376870457507049e+00 -3.714875565608011243e-06
-1.958698372966207746e+00 1.673042172808325123e+00 -3.735670538240754013e-06
-1.952440550688360421e+00 1.671704273159617449e+00 -3.756649004982293150e-06
-1.946182728410513096e+00 1.670363153529785594e+00 -3.777813356142800671e-06
-1.939924906132665772e+00 1.669018795778036912e+00 -3.799165652740299493e-06
-1.933667083854818447e+00 1.667671181602456976e+00 -3.820708004198536401e-06
-1.927409261576971122e+00 1.666320292538052028e+00 -3.842443357715552565e-06
-1.921151439299123798e+00 1.664966109954759910e+00 -3.864373612438853911e-06
-1.914893617021276473e+00 1.663608615055432782e+00 -3.886500779648471848e-06
-1.908635794743429148e+00 1.662247788873785659e+00 -3.908827828302818830e-06
-1.902377972465581824e+00 1.660883612272315180e+00 -3.931357282604963643e-06
-1.896120150187734499e+00 1.659516065940184415e+00 -3.954091467806009064e-06
-1.889862327909887174e+00 1.658145130391075028e+00 -3.977032859259210795e-06
-1.883604505632040294e+00 1.656770785961005910e+00 -4.000184082864066681e-06
-1.877346683354192969e+00 1.655393012806116504e+00 -4.023547766962565220e-06
-1.871088861076345644e+00 1.654011790900416168e+00 -4.047126664685762876e-06
-1.864831038798498319e+00 1.652627100033495999e+00 -4.070923379506652395e-06
-1.858573216520650995e+00 1.651238919808206695e+00 -4.094940746712794066e-06
-1.852315394242803670e+00 1.649847229638295776e+00 -4.119181565842566783e-06
-1.846057571964956345e+00 1.648452008746011055e+00 -4.143648532739518942e-06
-1.839799749687109021e+00 1.647053236159661038e+00 -4.168344744703844640e-06
-1.833541927409261696e+00 1.645650890711139569e+00 -4.193272891805932545e-06
-1.827284105131414371e+00 1.644244951033408286e+00 -4.218436243874634783e-06
-1.821026282853567047e+00 1.642835395557938005e+00 -4.243837854911447494e-06
-1.814768460575719722e+00 1.641422202512109685e+00 -4.269480487595345153e-06
-1.808510638297872397e+00 1.640005349916571431e+00 -4.295367619366885492e-06
-1.802252816020025072e+00 1.638584815582552423e+00 -4.321502006465749446e-06
-1.795994993742177748e+00 1.637160577109133097e+00 -4.347887148314910633e-06
-1.789737171464330423e+00 1.635732611880468257e+00 -4.374526464179240293e-06
-1.783479349186483098e+00 1.634300897062967106e+00 -4.401423069344545524e-06
-1.777221526908635774e+00 1.632865409602422657e+00 -4.428580492321643192e-06
-1.770963704630788449e+00 1.631426126221095618e+00 -4.456002091313138180e-06
-1.764705882352941124e+00 1.629983023414748988e+00 -4.483691571799397479e-06
-1.758448060075093800e+00 1.628536077449630470e+00 -4.511652748506733701e-06
-1.752190237797246475e+00 1.627085264359406924e+00 -4.539888558641180794e-06
-1.745932415519399150e+00 1.625630559942045084e+00 -4.568402675930727241e-06
-1.739674593241551825e+00 1.624171939756638539e+00 -4.597199682043751068e-06
-1.733416770963704501e+00 1.622709379120181206e+00 -4.626282817277171944e-06
-1.727158948685857176e+00 1.621242853104286397e+00 -4.655656218099935018e-06
-1.720901126408009851e+00 1.619772336531846824e+00 -4.685323853781397929e-06
-1.714643304130162527e+00 1.618297803973639537e+00 -4.715289520618171082e-06
-1.708385481852315202e+00 1.616819229744870245e+00 -4.745557431240499113e-06
-1.702127659574468321e+00 1.615336587901657461e+00 -4.776131615535916808e-06
-1.695869837296620997e+00 1.613849852237455806e+00 -4.807017022434578735e-06
-1.689612015018773672e+00 1.612358996279416701e+00 -4.838217057212546024e-06
-1.683354192740926347e+00 1.610863993284684437e+00 -4.869736600854324138e-06
-1.677096370463079023e+00 1.609364816236626305e+00 -4.901580041849484815e-06
-1.670838548185231698e+00 1.607861437840996777e+00 -4.933751820201948135e-06
-1.664580725907384373e+00 1.606353830522033066e+00 -4.966256728522466801e-06
-1.658322903629537048e+00 1.604841966418480315e+00 -4.999099371350013143e-06
-1.652065081351689724e+00 1.603325817379546381e+00 -5.032284740247305876e-06
-1.645807259073842399e+00 1.601805354960782690e+00 -5.065817488825175019e-06
-1.639549436795995074e+00 1.600280550419891812e+00 -5.099702795163807423e-06
-1.633291614518147750e+00 1.598751374712456874e+00 -5.133945653046367852e-06
-1.627033792240300425e+00 1.597217798487596596e+00 -5.168551197032300593e-06
-1.620775969962453100e+00 1.595679792083536164e+00 -5.203524667374281876e-06
-1.614518147684605776e+00 1.594137325523101945e+00 -5.238871474411155305e-06
-1.608260325406758451e+00 1.592590368509128051e+00 -5.274597090210164652e-06
-1.602002503128911126e+00 1.591038890419782525e+00 -5.310707029027028625e-06
-1.595744680851063801e+00 1.589482860303802259e+00 -5.347206925909731012e-06
-1.589486858573216477e+00 1.587922246875643761e+00 -5.384102596206474800e-06
-1.583229036295369152e+00 1.586357018510538008e+00 -5.421400080196647764e-06
-1.576971214017521827e+00 1.584787143239456908e+00 -5.459104934990577362e-06
-1.570713391739674503e+00 1.583212588743981630e+00 -5.497223657391359097e-06
-1.564455569461827178e+00 1.581633322351075011e+00 -5.535762422237411329e-06
-1.558197747183979853e+00 1.580049311027754699e+00 -5.574727222068531773e-06
-1.551939924906132529e+00 1.578460521375663506e+00 -5.614124775066287043e-06
-1.545682102628285204e+00 1.576866919625536045e+00 -5.653961747453806197e-06
-1.539424280350437879e+00 1.575268471631559697e+00 -5.694244814336002491e-06
-1.533166458072590554e+00 1.573665142865624755e+00 -5.734980588201210594e-06
-1.526908635794743674e+00 1.572056898411465564e+00 -5.776176056349058285e-06
-1.520650813516896349e+00 1.570443702958683074e+00 -5.817838735211466883e-06
-1.514392991239049024e+00 1.568825520796655937e+00 -5.859975469535427806e-06
-1.508135168961201700e+00 1.567202315808327473e+00 -5.902593839701708589e-06
-1.501877346683354375e+00 1.565574051463871408e+00 -5.945701184062457401e-06
-1.495619524405507050e+00 1.563940690814233481e+00 -5.989305385645238289e-06
-1.489361702127659726e+00 1.562302196484541605e+00 -6.033414317707652685e-06
-1.483103879849812401e+00 1.560658530667387245e+00 -6.078035693635186476e-06
-1.476846057571965076e+00 1.559009655115969784e+00 -6.123177962447101663e-06
-1.470588235294117752e+00 1.557355531137103455e+00 -6.168849302046197636e-06
-1.464330413016270427e+00 1.555696119584083714e+00 -6.215058248493221527e-06
-1.458072590738423102e+00 1.554031380849406174e+00 -6.261813581431852072e-06
-1.451814768460575777e+00 1.552361274857339213e+00 -6.309123894654433684e-06
-1.445556946182728453e+00 1.550685761056343148e+00 -6.356998235368394035e-06
-1.439299123904881128e+00 1.549004798411333539e+00 -6.405446127288882963e-06
-1.433041301627033803e+00 1.547318345395783501e+00 -6.454476807915554559e-06
-1.426783479349186479e+00 1.545626359983664155e+00 -6.504099713255939719e-06
-1.420525657071339154e+00 1.543928799641214544e+00 -6.554324920804432963e-06
-1.414267834793491829e+00 1.542225621318540574e+00 -6.605162160111532899e-06
-1.408010012515644505e+00 1.540516781441036098e+00 -6.656621754252967094e-06
-1.401752190237797180e+00 1.538802235900623261e+00 -6.708714210601485206e-06
-1.395494367959949855e+00 1.537081940046806539e+00 -6.761450277004144027e-06
-1.389236545682102530e+00 1.535355848677535606e+00 -6.814840611379935353e-06
-1.382978723404255206e+00 1.533623916029873691e+00 -6.868896524458989461e-06
-1.376720901126407881e+00 1.531886095770462308e+00 -6.923629263466679618e-06
-1.370463078848560556e+00 1.530142340985783500e+00 -6.979050332756031594e-06
-1.364205256570713232e+00 1.528392604172206237e+00 -7.035171879943291628e-06
-1.357947434292865907e+00 1.526636837225819887e+00 -7.092005934516976140e-06
-1.351689612015018582e+00 1.524874991432040972e+00 -7.149564746233849633e-06
-1.345431789737171702e+00 1.523107017454994105e+00 -7.207860976299329536e-06
-1.339173967459324377e+00 1.521332865326655126e+00 -7.266907872116590283e-06
-1.332916145181477052e+00 1.519552484435754636e+00 -7.326718361344575214e-06
-1.326658322903629728e+00 1.517765823516434187e+00 -7.387306013573180508e-06
-1.320400500625782403e+00 1.515972830636645119e+00 -7.448684847810582710e-06
-1.314142678347935078e+00 1.514173453186288487e+00 -7.510868820448379779e-06
-1.307884856070087753e+00 1.512367637865085213e+00 -7.573872516264401611e-06
-1.301627033792240429e+00 1.510555330670169782e+00 -7.637710734753611064e-06
-1.295369211514393104e+00 1.508736476883400401e+00 -7.702398574505053830e-06
-1.289111389236545779e+00 1.506911021058377598e+00 -7.767951497594793864e-06
-1.282853566958698455e+00 1.505078907007162847e+00 -7.834385517879738359e-06
-1.276595744680851130e+00 1.503240077786688111e+00 -7.901716706504302579e-06
-1.270337922403003805e+00 1.501394475684850516e+00 -7.969961619114229734e-06
-1.264080100125156481e+00 1.499542042206277959e+00 -8.039137569637588854e-06
-1.257822277847309156e+00 1.497682718057761875e+00 -8.109261591338068342e-06
-1.251564455569461831e+00 1.495816443133344276e+00 -8.180351574349487009e-06
-1.245306633291614506e+00 1.493943156499049518e+00 -8.252425975019406224e-06
-1.239048811013767182e+00 1.492062796377251255e+00 -8.325503293660219128e-06
-1.232790988735919857e+00 1.490175300130664349e+00 -8.399602582587206712e-06
-1.226533166458072532e+00 1.488280604245948657e+00 -8.474743611097679263e-06
-1.220275344180225208e+00 1.486378644316915354e+00 -8.550946398733216824e-06
-1.214017521902377883e+00 1.484469355027324688e+00 -8.628231488172488639e-06
-1.207759699624530558e+00 1.482552670133258754e+00 -8.706619978982033103e-06
-1.201501877346683234e+00 1.480628522445062378e+00 -8.786133349536484616e-06
-1.195244055068835909e+00 1.478696843808835704e+00 -8.866793814288342901e-06
-1.188986232790988584e+00 1.476757565087463808e+00 -8.948624151239314983e-06
-1.182728410513141259e+00 1.474810616141173591e+00 -9.031647473678461324e-06
-1.176470588235293935e+00 1.472855925807599720e+00 -9.115887619426388255e-06
-1.170212765957447054e+00 1.470893421881345864e+00 -9.201369209455023679e-06
-1.163954943679599729e+00 1.468923031093026133e+00 -9.288117176931010022e-06
-1.157697121401752405e+00 1.466944679087770043e+00 -9.376157329432643905e-06
-1.151439299123905080e+00 1.464958290403174601e+00 -9.465515896422971309e-06
-1.145181476846057755e+00 1.462963788446685509e+00 -9.556220173179141852e-06
-1.138923654568210431e+00 1.460961095472390836e+00 -9.648297746078782211e-06
-1.132665832290363106e+00 1.458950132557207180e+00 -9.741777263760909022e-06
-1.126408010012515781e+00 1.456930819576439218e+00 -9.836688009023930590e-06
-1.120150187734668457e+00 1.454903075178694882e+00 -9.933059767375240767e-06
-1.113892365456821132e+00 1.452866816760130630e+00 -1.003092367812818964e-05
-1.107634543178973807e+00 1.450821960438009928e+00 -1.013031140351117187e-05
-1.101376720901126482e+00 1.448768421023550301e+00 -1.023125538424096703e-05
-1.095118898623279158e+00 1.446706111994035648e+00 -1.033378916637239797e-05
-1.088861076345431833e+00 1.444634945464169817e+00 -1.043794683175391924e-05
-1.082603254067584508e+00 1.442554832156647704e+00 -1.054376374765020330e-05
-1.076345431789737184e+00 1.440465681371914330e+00 -1.065127634847229388e-05
-1.070087609511889859e+00 1.438367400957088815e+00 -1.076052180137843095e-05
-1.063829787234042534e+00 1.436259897274022812e+00 -1.087153838330578992e-05
-1.057571964956195210e+00 1.434143075166464110e+00 -1.098436540059033462e-05
-1.051314142678347885e+00 1.432016837926295416e+00 -1.109904359974933641e-05
-1.045056320400500560e+00 1.429881087258815686e+00 -1.121561449246577524e-05
-1.038798498122653235e+00 1.427735723247034016e+00 -1.133412078857531924e-05
-1.032540675844805911e+00 1.425580644314936585e+00 -1.145460678775300778e-05
-1.026282853566958586e+00 1.423415747189695324e+00 -1.157711791965887471e-05
-1.020025031289111261e+00 1.421240926862779252e+00 -1.170170079456411827e-05
-1.013767209011263937e+00 1.419056076549929823e+00 -1.182840329305712146e-05
-1.007509386733416612e+00 1.416861087649960549e+00 -1.195727506142496566e-05
-1.001251564455569287e+00 1.414655849702336488e+00 -1.208836721855455210e-05
-9.949937421777219626e-01 1.412440250343493187e+00 -1.222173201820275779e-05
-9.887359198998746379e-01 1.410214175261847558e+00 -1.235742356997526770e-05
-9.824780976220273132e-01 1.407977508151450730e+00 -1.249549773674196729e-05
-9.762202753441799885e-01 1.405730130664238686e+00 -1.263601178247419909e-05
-9.699624530663326638e-01 1.403471922360822521e+00 -1.277902481633397258e-05
-9.637046307884853391e-01 1.401202760659768787e+00 -1.292459807089585411e-05
-9.574468085106380144e-01 1.398922520785309986e+00 -1.307279433881980424e-05
-9.511889862327906897e-01 1.396631075713430148e+00 -1.322367840272953288e-05
-9.449311639549433650e-01 1.394328296116257970e+00 -1.337731731165803239e-05
-9.386733416770960403e-01 1.392014050304709594e+00 -1.353378010326977687e-05
-9.324155193992487156e-01 1.389688204169308605e+00 -1.369313790844373102e-05
-9.261576971214013909e-01 1.387350621119114891e+00 -1.385546435961337863e-05
-9.198998748435540662e-01 1.385001162018688614e+00 -1.402083549129073958e-05
-9.136420525657067415e-01 1.382639685123012274e+00 -1.418932951624540806e-05
-9.073842302878594168e-01 1.380266046010289571e+00 -1.436102749718948246e-05
-9.011264080100129803e-01 1.377880097512537594e+00 -1.453601301060203355e-05
-8.948685857321656556e-01 1.375481689643881511e+00 -1.471437273203868301e-05
-8.886107634543183309e-01 1.373070669526465615e+00 -1.489619568029176833e-05
-8.823529411764710062e-01 1.370646881313873910e+00 -1.508157447105418214e-05
-8.760951188986236815e-01 1.368210166111967885e+00 -1.527060443429206771e-05
-8.698372966207763568e-01 1.365760361897029540e+00 -1.546338450131301556e-05
-8.635794743429290321e-01 1.363297303431099117e+00 -1.566001679065287533e-05
-8.573216520650817074e-01 1.360820822174392264e+00 -1.586060703484548640e-05
-8.510638297872343827e-01 1.358330746194670535e+00 -1.606526464237312268e-05
-8.448060075093870580e-01 1.355826900073438868e+00 -1.627410291038522416e-05
-8.385481852315397333e-01 1.353309104808832153e+00 -1.648723923519668233e-05
-8.322903629536924086e-01 1.350777177715050570e+00 -1.670479512538847189e-05
-8.260325406758450839e-01 1.348230932318192465e+00 -1.692689649956946596e-05
-8.197747183979977592e-01 1.345670178248328241e+00 -1.715367384247379334e-05
-8.135168961201504345e-01 1.343094721127649827e+00 -1.738526240413484913e-05
-8.072590738423031098e-01 1.340504362454520315e+00 -1.762180253894740645e-05
-8.010012515644557851e-01 1.337898899483242587e+00 -1.786343964216285940e-05
-7.947434292866084604e-01 1.335278125099352842e+00 -1.811032472986973119e-05
-7.884856070087611357e-01 1.332641827690234315e+00 -1.836261453802556787e-05
-7.822277847309138110e-01 1.329989791010841804e+00 -1.862047155332113846e-05
-7.759699624530664863e-01 1.327321794044304726e+00 -1.888406473793402540e-05
-7.697121401752191616e-01 1.324637610857176240e+00 -1.915356952397750945e-05
-7.634543178973718369e-01 1.321937010449074190e+00 -1.942916819608342394e-05
-7.571964956195245122e-01 1.319219756596449855e+00 -1.971105017894991818e-05
-7.509386733416771875e-01 1.316485607690203841e+00 -1.999941239927416348e-05
-7.446808510638298628e-01 1.313734316566855576e+00 -2.029445987417055619e-05
-7.384230287859825381e-01 1.310965630332948662e+00 -2.059640559926023684e-05
-7.321652065081352134e-01 1.308179290182370114e+00 -2.090547145416898900e-05
-7.259073842302878887e-01 1.305375031206222891e+00 -2.122188845388173206e-05
-7.196495619524405640e-01 1.302552582194893116e+00 -2.154589693992292609e-05
-7.133917396745932393e-01 1.299711665431910523e+00 -2.187774756690075151e-05
-7.071339173967459146e-01 1.296851996479193581e+00 -2.221770150012680745e-05
-7.008760951188985899e-01 1.293973283953234965e+00 -2.256603095762699240e-05
-6.946182728410512652e-01 1.291075229291764215e+00 -2.292301974926580499e-05
-6.883604505632039405e-01 1.288157526510390172e+00 -2.328896425773940848e-05
-6.821026282853566158e-01 1.285219861948697639e+00 -2.366417359800365716e-05
-6.758448060075092911e-01 1.282261914005242032e+00 -2.404897064978150922e-05
-6.695869837296619664e-01 1.279283352860846268e+00 -2.444369268950197238e-05
-6.633291614518146417e-01 1.276283840189571306e+00 -2.484869196184291695e-05
-6.570713391739673170e-01 1.273263028856687962e+00 -2.526433694605145774e-05
-6.508135168961199923e-01 1.270220562602935033e+00 -2.569101286487018854e-05
-6.445556946182726676e-01 1.267156075714304331e+00 -2.612912284605251045e-05
-6.382978723404253429e-01 1.264069192676541054e+00 -2.657908889802662600e-05
-6.320400500625780182e-01 1.260959527813493297e+00 -2.704135281295094728e-05
-6.257822277847306935e-01 1.257826684908391002e+00 -2.751637756559510706e-05
-6.195244055068833688e-01 1.254670256807063566e+00 -2.800464839913807680e-05
-6.132665832290360441e-01 1.251489825002050305e+00 -2.850667412035434722e-05
-6.070087609511887194e-01 1.248284959196470867e+00 -2.902298859486229787e-05
-6.007509386733413947e-01 1.245055216846457036e+00 -2.955415232097635680e-05
-5.944931163954940700e-01 1.241800142680852259e+00 -3.010075372888998402e-05
-5.882352941176467453e-01 1.238519268196801359e+00 -3.066341115420812002e-05
-5.819774718397994206e-01 1.235212111129746049e+00 -3.124277478772086170e-05
-5.757196495619520960e-01 1.231878174896239297e+00 -3.183952839735937346e-05
-5.694618272841047713e-01 1.228516948007873033e+00 -3.245439161903007630e-05
-5.632040050062574466e-01 1.225127903454483969e+00 -3.308812225699675480e-05
-5.569461827284101219e-01 1.221710498054668914e+00 -3.374151867086006007e-05
-5.506883604505627972e-01 1.218264171771487492e+00 -3.441542271631625738e-05
-5.444305381727163606e-01 1.214788346991066081e+00 -3.511072204531728858e-05
-5.381727158948690359e-01 1.211282427761642300e+00 -3.582835388904470619e-05
-5.319148936170217112e-01 1.207745798990394359e+00 -3.656930791140489134e-05
-5.256570713391743865e-01 1.204177825595181606e+00 -3.733463015587190625e-05
-5.193992490613270618e-01 1.200577851608100710e+00 -3.812542660019957452e-05
-5.131414267834797371e-01 1.196945199227502643e+00 -3.894286772587740586e-05
-5.068836045056324124e-01 1.193279167814837116e+00 -3.978819300365366018e-05
-5.006257822277850877e-01 1.189579032832392524e+00 -4.066271573854862709e-05
-4.943679599499377630e-01 1.185844044717661250e+00 -4.156782866582275915e-05
-4.881101376720904383e-01 1.182073427689694256e+00 -4.250500977343030229e-05
-4.818523153942431136e-01 1.178266378482408339e+00 -4.347582863850618651e-05
-4.755944931163957889e-01 1.174422064999362858e+00 -4.448195345352345953e-05
-4.693366708385484642e-01 1.170539624884034513e+00 -4.552515863576189759e-05
-4.630788485607011395e-01 1.166618163999078250e+00 -4.660733309913567268e-05
-4.568210262828538148e-01 1.162656754807465775e+00 -4.773048917616762310e-05
-4.505632040050064901e-01 1.158654434647731435e+00 -4.889677284847238070e-05
-4.443053817271591655e-01 1.154610203894822718e+00 -5.010847449860023062e-05
-4.380475594493118408e-01 1.150523023997243266e+00 -5.136804059469035622e-05
-4.317897371714645161e-01 1.146391815380266799e+00 -5.267808707354326714e-05
-4.255319148936171914e-01 1.142215455204001584e+00 -5.404141365095149752e-05
-4.192740926157698667e-01 1.137992774963960452e+00 -5.546101969811090271e-05
-4.130162703379225420e-01 1.133722557920541441e+00 -5.694012171164608560e-05
-4.067584480600752173e-01 1.129403536342428183e+00 -5.848217263348942652e-05
-4.005006257822278926e-01 1.125034388547348607e+00 -6.009088329328449163e-05
-3.942428035043805679e-01 1.120613735721876392e+00 -6.177024591713653479e-05
-3.879849812265332432e-01 1.116140138499985168e+00 -6.352456069125267391e-05
-3.817271589486859185e-01 1.111612093277838609e+00 -6.535846470323569690e-05
-3.754693366708385938e-01 1.107028028239800399e+00 -6.727696448582953792e-05
-3.692115143929912691e-01 1.102386299067802833e+00 -6.928547244733351818e-05
-3.629536921151439444e-01 1.097685184303018646e+00 -7.138984718513263772e-05
-3.566958698372966197e-01 1.092922880325128743e+00 -7.359643885784805661e-05
-3.504380475594492950e-01 1.088097495910351986e+00 -7.591214000290946728e-05
-3.441802252816019703e-01 1.083207046324679013e+00 -7.834444281296093493e-05
-3.379224030037546456e-01 1.078249446903374764e+00 -8.090150320305689036e-05
-3.316645807259073209e-01 1.073222506061655146e+00 -8.359221342013611888e-05
-3.254067584480599962e-01 1.068123917674364654e+00 -8.642628430299836850e-05
-3.191489361702126715e-01 1.062951252754360310e+00 -8.941433802611697956e-05
-3.128911138923653468e-01 1.057701950349929421e+00 -9.256801382084844931e-05
-3.066332916145180221e-01 1.052373307570722671e+00 -9.590008840709707272e-05
-3.003754693366706974e-01 1.046962468639121902e+00 -9.942461321954532139e-05
-2.941176470588233727e-01 1.041466412849344048e+00 -1.031570717251462099e-04
-2.878598247809760480e-01 1.035881941299536146e+00 -1.071145600677336773e-04
-2.816020025031287233e-01 1.030205662242174469e+00 -1.113159949326369969e-04
-2.753441802252813986e-01 1.024433974874679354e+00 -1.157823535375968049e-04
-2.690863579474340739e-01 1.018563051364581140e+00 -1.205369517931487167e-04
-2.628285356695867492e-01 1.012588816871000441e+00 -1.256057676410904378e-04
-2.565707133917394245e-01 1.006506927285549580e+00 -1.310178178726140175e-04
-2.503128911138920998e-01 1.000312744369739271e+00 -1.368055994717121138e-04
-2.440550688360447751e-01 9.940013079109344396e-01 -1.430056080766739512e-04
-2.377972465581974504e-01 9.875673044528286981e-01 -1.496589494087707806e-04
-2.315394242803501257e-01 9.810050320766944276e-01 -1.568120635141445618e-04
-2.252816020025028010e-01 9.743083606130961138e-01 -1.645175864830594747e-04
-2.190237797246554763e-01 9.674706865461446537e-01 -1.728353801858650840e-04
-2.127659574468081516e-01 9.604848817284342699e-01 -1.818337688905824479e-04
-2.065081351689608269e-01 9.533432348476544860e-01 -1.915910321135250172e-04
-2.002503128911135022e-01 9.460373843666195492e-01 -2.021972163195329131e-04
-1.939924906132670657e-01 9.385582413854224315e-01 -2.137563463767699901e-04
-1.877346683354197410e-01 9.308959005322365865e-01 -2.263891418015084867e-04
-1.814768460575724163e-01 9.230395365575218003e-01 -2.402363737836754609e-04
-1.752190237797250916e-01 9.149772837575589346e-01 -2.554630441237160099e-04
-1.689612015018777669e-01 9.066960946503488383e-01 -2.722636249457011104e-04
-1.627033792240304422e-01 8.981815734191275213e-01 -2.908686808389404632e-04
-1.564455569461831175e-01 8.894177784561186906e-01 -3.115533093666078557e-04
-1.501877346683357928e-01 8.803869867838177710e-01 -3.346479975946392571e-04
-1.439299123904884681e-01 8.710694110648393718e-01 -3.605527240911898801e-04
-1.376720901126411434e-01 8.614428571362323650e-01 -3.897554724024976380e-04
-1.314142678347938187e-01 8.514823062328249481e-01 -4.228568179002190064e-04
-1.251564455569464940e-01 8.411594008731198002e-01 -4.606029935497746308e-04
-1.188986232790991693e-01 8.304418061361581449e-01 -5.039309738807951078e-04
-1.126408010012518446e-01 8.192924077912767666e-01 -5.540308805642712997e-04
-1.063829787234045199e-01 8.076682939508291748e-01 -6.124338162608600200e-04
-1.001251564455571952e-01 7.955194452098917068e-01 -6.811377946878138800e-04
-9.386733416770987048e-02 7.827870257319361480e-01 -7.627920554540423836e-04
-8.760951188986254579e-02 7.694011179503120745e-01 -8.609731615110138847e-04
-8.135168961201522109e-02 7.552776653350853353e-01 -9.806095872020303972e-04
-7.509386733416789639e-02 7.403142612225317443e-01 -1.128654536901141370e-03
-6.883604505632057169e-02 7.243842105117755947e-01 -1.315189658211091128e-03
-6.257822277847324699e-02 7.073279248511686879e-01 -1.555310258961939418e-03
-5.632040050062592229e-02 6.889400487562691300e-01 -1.872503215577525637e-03
-5.006257822277859759e-02 6.689494497416217378e-01 -2.305058732798959120e-03
-4.380475594493127289e-02 6.469866419766178156e-01 -2.919136480879935824e-03
-3.754693366708394819e-02 6.225276084232289620e-01 -3.837898301825348746e-03
-3.128911138923662349e-02 5.947895164161965953e-01 -5.314625079347545800e-03
-2.503128911138929880e-02 5.625171942736746367e-01 -7.949062499408743321e-03
-1.877346683354197410e-02 5.234812343195612838e-01 -1.350977822262444672e-02
-1.251564455569464940e-02 4.730186921833102742e-01 -2.986735467515133635e-02
-6.257822277847324699e-03 3.977597226049458534e-01 -5.482776617616748061e-01
0.000000000000000000e+00 0.000000000000000000e+00 0.000000000000000000e+00
2.500000000000000139e-02 0.000000000000000000e+00 0.000000000000000000e+00
5.000000000000000278e-02 0.000000000000000000e+00 0.000000000000000000e+00
7.500000000000001110e-02 0.000000000000000000e+00 0.000000000000000000e+00
1.000000000000000056e-01 0.000000000000000000e+00 0.000000000000000000e+00
1.250000000000000000e-01 0.000000000000000000e+00 0.000000000000000000e+00
1.500000000000000222e-01 0.000000000000000000e+00 0.000000000000000000e+00
1.750000000000000167e-01 0.000000000000000000e+00 0.000000000000000000e+00
2.000000000000000111e-01 0.000000000000000000e+00 0.000000000000000000e+00
2.250000000000000056e-01 0.000000000000000000e+00 0.000000000000000000e+00
2.500000000000000000e-01 0.000000000000000000e+00 0.000000000000000000e+00
2.750000000000000222e-01 0.000000000000000000e+00 0.000000000000000000e+00
3.000000000000000444e-01 0.000000000000000000e+00 0.000000000000000000e+00
3.250000000000000111e-01 0.000000000000000000e+00 0.000000000000000000e+00
3.500000000000000333e-01 0.000000000000000000e+00 0.000000000000000000e+00
3.750000000000000000e-01 0.000000000000000000e+00 0.000000000000000000e+00
4.000000000000000222e-01 0.000000000000000000e+00 0.000000000000000000e+00
4.250000000000000444e-01 0.000000000000000000e+00 0.000000000000000000e+00
4.500000000000000111e-01 0.000000000000000000e+00 0.000000000000000000e+00
4.750000000000000333e-01 0.000000000000000000e+00 0.000000000000000000e+00
5.000000000000000000e-01 0.000000000000000000e+00 0.000000000000000000e+00
5.250000000000000222e-01 0.000000000000000000e+00 0.000000000000000000e+00
5.500000000000000444e-01 0.000000000000000000e+00 0.000000000000000000e+00
5.750000000000000666e-01 0.000000000000000000e+00 0.000000000000000000e+00
6.000000000000000888e-01 0.000000000000000000e+00 0.000000000000000000e+00
6.250000000000000000e-01 0.000000000000000000e+00 0.000000000000000000e+00
6.500000000000000222e-01 0.000000000000000000e+00 0.000000000000000000e+00
6.750000000000000444e-01 0.000000000000000000e+00 0.000000000000000000e+00
7.000000000000000666e-01 0.000000000000000000e+00 0.000000000000000000e+00
7.250000000000000888e-01 0.000000000000000000e+00 0.000000000000000000e+00
7.500000000000000000e-01 0.000000000000000000e+00 0.000000000000000000e+00
7.750000000000000222e-01 0.000000000000000000e+00 0.000000000000000000e+00
8.000000000000000444e-01 0.000000000000000000e+00 0.000000000000000000e+00
8.250000000000000666e-01 0.000000000000000000e+00 0.000000000000000000e+00
8.500000000000000888e-01 0.000000000000000000e+00 0.000000000000000000e+00
8.750000000000000000e-01 0.000000000000000000e+00 0.000000000000000000e+00
9.000000000000000222e-01 0.000000000000000000e+00 0.000000000000000000e+00
9.250000000000000444e-01 0.000000000000000000e+00 0.000000000000000000e+00
9.500000000000000666e-01 0.000000000000000000e+00 0.000000000000000000e+00
9.750000000000000888e-01 0.000000000000000000e+00 0.000000000000000000e+00
1.000000000000000000e+00 0.000000000000000000e+00 0.000000000000000000e+00
1.025000000000000133e+00 0.000000000000000000e+00 0.000000000000000000e+00
1.050000000000000044e+00 0.000000000000000000e+00 0.000000000000000000e+00
1.074999999999999956e+00 0.000000000000000000e+00 0.000000000000000000e+00
1.100000000000000089e+00 0.000000000000000000e+00 0.000000000000000000e+00
1.125000000000000000e+00 0.000000000000000000e+00 0.000000000000000000e+00
1.150000000000000133e+00 0.000000000000000000e+00 0.000000000000000000e+00
1.175000000000000044e+00 0.000000000000000000e+00 0.000000000000000000e+00
1.200000000000000178e+00 0.000000000000000000e+00 0.000000000000000000e+00
1.225000000000000089e+00 0.000000000000000000e+00 0.000000000000000000e+00
1.250000000000000000e+00 0.000000000000000000e+00 0.000000000000000000e+00
1.275000000000000133e+00 0.000000000000000000e+00 0.000000000000000000e+00
1.300000000000000044e+00 0.000000000000000000e+00 0.000000000000000000e+00
1.325000000000000178e+00 0.000000000000000000e+00 0.000000000000000000e+00
1.350000000000000089e+00 0.000000000000000000e+00 0.000000000000000000e+00
1.375000000000000000e+00 0.000000000000000000e+00 0.000000000000000000e+00
1.400000000000000133e+00 0.000000000000000000e+00 0.000000000000000000e+00
1.425000000000000044e+00 0.000000000000000000e+00 0.000000000000000000e+00
1.450000000000000178e+00 0.000000000000000000e+00 0.000000000000000000e+00
1.475000000000000089e+00 0.000000000000000000e+00 0.000000000000000000e+00
1.500000000000000000e+00 0.000000000000000000e+00 0.000000000000000000e+00
1.525000000000000133e+00 0.000000000000000000e+00 0.000000000000000000e+00
1.550000000000000044e+00 0.000000000000000000e+00 0.000000000000000000e+00
1.575000000000000178e+00 0.000000000000000000e+00 0.000000000000000000e+00
1.600000000000000089e+00 0.000000000000000000e+00 0.000000000000000000e+00
1.625000000000000000e+00 0.000000000000000000e+00 0.000000000000000000e+00
1.650000000000000133e+00 0.000000000000000000e+00 0.000000000000000000e+00
1.675000000000000044e+00 0.000000000000000000e+00 0.000000000000000000e+00
1.700000000000000178e+00 0.000000000000000000e+00 0.000000000000000000e+00
1.725000000000000089e+00 0.000000000000000000e+00 0.000000000000000000e+00
1.750000000000000000e+00 0.000000000000000000e+00 0.000000000000000000e+00
1.775000000000000133e+00 0.000000000000000000e+00 0.000000000000000000e+00
1.800000000000000044e+00 0.000000000000000000e+00 0.000000000000000000e+00
1.825000000000000178e+00 0.000000000000000000e+00 0.000000000000000000e+00
1.850000000000000089e+00 0.000000000000000000e+00 0.000000000000000000e+00
1.875000000000000000e+00 0.000000000000000000e+00 0.000000000000000000e+00
1.900000000000000133e+00 0.000000000000000000e+00 0.000000000000000000e+00
1.925000000000000044e+00 0.000000000000000000e+00 0.000000000000000000e+00
1.950000000000000178e+00 0.000000000000000000e+00 0.000000000000000000e+00
1.975000000000000089e+00 0.000000000000000000e+00 0.000000000000000000e+00
2.000000000000000000e+00 0.000000000000000000e+00 0.000000000000000000e+00
2.024999999999999911e+00 0.000000000000000000e+00 0.000000000000000000e+00
2.050000000000000266e+00 0.000000000000000000e+00 0.000000000000000000e+00
2.075000000000000178e+00 0.000000000000000000e+00 0.000000000000000000e+00
2.100000000000000089e+00 0.000000000000000000e+00 0.000000000000000000e+00
2.125000000000000000e+00 0.000000000000000000e+00 0.000000000000000000e+00
2.149999999999999911e+00 0.000000000000000000e+00 0.000000000000000000e+00
2.175000000000000266e+00 0.000000000000000000e+00 0.000000000000000000e+00
2.200000000000000178e+00 0.000000000000000000e+00 0.000000000000000000e+00
2.225000000000000089e+00 0.000000000000000000e+00 0.000000000000000000e+00
2.250000000000000000e+00 0.000000000000000000e+00 0.000000000000000000e+00
2.274999999999999911e+00 0.000000000000000000e+00 0.000000000000000000e+00
2.300000000000000266e+00 0.000000000000000000e+00 0.000000000000000000e+00
2.325000000000000178e+00 0.000000000000000000e+00 0.000000000000000000e+00
2.350000000000000089e+00 0.000000000000000000e+00 0.000000000000000000e+00
2.375000000000000000e+00 0.000000000000000000e+00 0.000000000000000000e+00
2.400000000000000355e+00 0.000000000000000000e+00 0.000000000000000000e+00
2.425000000000000266e+00 0.000000000000000000e+00 0.000000000000000000e+00
2.450000000000000178e+00 0.000000000000000000e+00 0.000000000000000000e+00
2.475000000000000089e+00 0.000000000000000000e+00 0.000000000000000000e+00
2.500000000000000000e+00 0.000000000000000000e+00 0.000000000000000000e+00
2.525000000000000355e+00 0.000000000000000000e+00 0.000000000000000000e+00
2.550000000000000266e+00 0.000000000000000000e+00 0.000000000000000000e+00
2.575000000000000178e+00 0.000000000000000000e+00 0.000000000000000000e+00
2.600000000000000089e+00 0.000000000000000000e+00 0.000000000000000000e+00
2.625000000000000000e+00 0.000000000000000000e+00 0.000000000000000000e+00
2.650000000000000355e+00 0.000000000000000000e+00 0.000000000000000000e+00
2.675000000000000266e+00 0.000000000000000000e+00 0.000000000000000000e+00
2.700000000000000178e+00 0.000000000000000000e+00 0.000000000000000000e+00
2.725000000000000089e+00 0.000000000000000000e+00 0.000000000000000000e+00
2.750000000000000000e+00 0.000000000000000000e+00 0.000000000000000000e+00
2.775000000000000355e+00 0.000000000000000000e+00 0.000000000000000000e+00
2.800000000000000266e+00 0.000000000000000000e+00 0.000000000000000000e+00
2.825000000000000178e+00 0.000000000000000000e+00 0.000000000000000000e+00
2.850000000000000089e+00 0.000000000000000000e+00 0.000000000000000000e+00
2.875000000000000000e+00 0.000000000000000000e+00 0.000000000000000000e+00
2.900000000000000355e+00 0.000000000000000000e+00 0.000000000000000000e+00
2.925000000000000266e+00 0.000000000000000000e+00 0.000000000000000000e+00
2.950000000000000178e+00 0.000000000000000000e+00 0.000000000000000000e+00
2.975000000000000089e+00 0.000000000000000000e+00 0.000000000000000000e+00
3.000000000000000000e+00 0.000000000000000000e+00 0.000000000000000000e+00
3.025000000000000355e+00 0.000000000000000000e+00 0.000000000000000000e+00
3.050000000000000266e+00 0.000000000000000000e+00 0.000000000000000000e+00
3.075000000000000178e+00 0.000000000000000000e+00 0.000000000000000000e+00
3.100000000000000089e+00 0.000000000000000000e+00 0.000000000000000000e+00
3.125000000000000000e+00 0.000000000000000000e+00 0.000000000000000000e+00
3.150000000000000355e+00 0.000000000000000000e+00 0.000000000000000000e+00
3.175000000000000266e+00 0.000000000000000000e+00 0.000000000000000000e+00
3.200000000000000178e+00 0.000000000000000000e+00 0.000000000000000000e+00
3.225000000000000089e+00 0.000000000000000000e+00 0.000000000000000000e+00
3.250000000000000000e+00 0.000000000000000000e+00 0.000000000000000000e+00
3.275000000000000355e+00 0.000000000000000000e+00 0.000000000000000000e+00
3.300000000000000266e+00 0.000000000000000000e+00 0.000000000000000000e+00
3.325000000000000178e+00 0.000000000000000000e+00 0.000000000000000000e+00
3.350000000000000089e+00 0.000000000000000000e+00 0.000000000000000000e+00
3.375000000000000000e+00 0.000000000000000000e+00 0.000000000000000000e+00
3.400000000000000355e+00 0.000000000000000000e+00 0.000000000000000000e+00
3.425000000000000266e+00 0.000000000000000000e+00 0.000000000000000000e+00
3.450000000000000178e+00 0.000000000000000000e+00 0.000000000000000000e+00
3.475000000000000089e+00 0.000000000000000000e+00 0.000000000000000000e+00
3.500000000000000000e+00 0.000000000000000000e+00 0.000000000000000000e+00
3.525000000000000355e+00 0.000000000000000000e+00 0.000000000000000000e+00
3.550000000000000266e+00 0.000000000000000000e+00 0.000000000000000000e+00
3.575000000000000178e+00 0.000000000000000000e+00 0.000000000000000000e+00
3.600000000000000089e+00 0.000000000000000000e+00 0.000000000000000000e+00
3.625000000000000000e+00 0.000000000000000000e+00 0.000000000000000000e+00
3.650000000000000355e+00 0.000000000000000000e+00 0.000000000000000000e+00
3.675000000000000266e+00 0.000000000000000000e+00 0.000000000000000000e+00
3.700000000000000178e+00 0.000000000000000000e+00 0.000000000000000000e+00
3.725000000000000089e+00 0.000000000000000000e+00 0.000000000000000000e+00
3.750000000000000000e+00 0.000000000000000000e+00 0.000000000000000000e+00
3.775000000000000355e+00 0.000000000000000000e+00 0.000000000000000000e+00
3.800000000000000266e+00 0.000000000000000000e+00 0.000000000000000000e+00
3.825000000000000178e+00 0.000000000000000000e+00 0.000000000000000000e+00
3.850000000000000089e+00 0.000000000000000000e+00 0.000000000000000000e+00
3.875000000000000000e+00 0.000000000000000000e+00 0.000000000000000000e+00
3.900000000000000355e+00 0.000000000000000000e+00 0.000000000000000000e+00
3.925000000000000266e+00 0.000000000000000000e+00 0.000000000000000000e+00
3.950000000000000178e+00 0.000000000000000000e+00 0.000000000000000000e+00
3.975000000000000089e+00 0.000000000000000000e+00 0.000000000000000000e+00
4.000000000000000000e+00 0.000000000000000000e+00 0.000000000000000000e+00
4.025000000000000355e+00 0.000000000000000000e+00 0.000000000000000000e+00
4.049999999999999822e+00 0.000000000000000000e+00 0.000000000000000000e+00
4.075000000000000178e+00 0.000000000000000000e+00 0.000000000000000000e+00
4.100000000000000533e+00 0.000000000000000000e+00 0.000000000000000000e+00
4.125000000000000000e+00 0.000000000000000000e+00 0.000000000000000000e+00
4.150000000000000355e+00 0.000000000000000000e+00 0.000000000000000000e+00
4.174999999999999822e+00 0.000000000000000000e+00 0.000000000000000000e+00
4.200000000000000178e+00 0.000000000000000000e+00 0.000000000000000000e+00
4.225000000000000533e+00 0.000000000000000000e+00 0.000000000000000000e+00
4.250000000000000000e+00 0.000000000000000000e+00 0.000000000000000000e+00
4.275000000000000355e+00 0.000000000000000000e+00 0.000000000000000000e+00
4.299999999999999822e+00 0.000000000000000000e+00 0.000000000000000000e+00
4.325000000000000178e+00 0.000000000000000000e+00 0.000000000000000000e+00
4.350000000000000533e+00 0.000000000000000000e+00 0.000000000000000000e+00
4.375000000000000000e+00 0.000000000000000000e+00 0.000000000000000000e+00
4.400000000000000355e+00 0.000000000000000000e+00 0.000000000000000000e+00
4.424999999999999822e+00 0.000000000000000000e+00 0.000000000000000000e+00
4.450000000000000178e+00 0.000000000000000000e+00 0.000000000000000000e+00
4.475000000000000533e+00 0.000000000000000000e+00 0.000000000000000000e+00
4.500000000000000000e+00 0.000000000000000000e+00 0.000000000000000000e+00
4.525000000000000355e+00 0.000000000000000000e+00 0.000000000000000000e+00
4.549999999999999822e+00 0.000000000000000000e+00 0.000000000000000000e+00
4.575000000000000178e+00 0.000000000000000000e+00 0.000000000000000000e+00
4.600000000000000533e+00 0.000000000000000000e+00 0.000000000000000000e+00
4.625000000000000000e+00 0.000000000000000000e+00 0.000000000000000000e+00
4.650000000000000355e+00 0.000000000000000000e+00 0.000000000000000000e+00
4.674999999999999822e+00 0.000000000000000000e+00 0.000000000000000000e+00
4.700000000000000178e+00 0.000000000000000000e+00 0.000000000000000000e+00
4.725000000000000533e+00 0.000000000000000000e+00 0.000000000000000000e+00
4.750000000000000000e+00 0.000000000000000000e+00 0.000000000000000000e+00
4.775000000000000355e+00 0.000000000000000000e+00 0.000000000000000000e+00
4.800000000000000711e+00 0.000000000000000000e+00 0.000000000000000000e+00
4.825000000000000178e+00 0.000000000000000000e+00 0.000000000000000000e+00
4.850000000000000533e+00 0.000000000000000000e+00 0.000000000000000000e+00
4.875000000000000000e+00 0.000000000000000000e+00 0.000000000000000000e+00
4.900000000000000355e+00 0.000000000000000000e+00 0.000000000000000000e+00
4.925000000000000711e+00 0.000000000000000000e+00 0.000000000000000000e+00
4.950000000000000178e+00 0.000000000000000000e+00 0.000000000000000000e+00
4.975000000000000533e+00 0.000000000000000000e+00 0.000000000000000000e+00
5.000000000000000000e+00 0.000000000000000000e+00 0.000000000000000000e+00
