# Direct solution for m=3, c=1.0
# xi f residual
-5.000000000000000000e+00 2.466212074330469850e+00 -1.029590445211781002e-03
-4.993742177722152675e+00 2.465182770340158758e+00 -7.168851325900504889e-07
-4.987484355444305351e+00 2.464152606087173680e+00 -7.183854071612927328e-07
-4.981226533166458026e+00 2.463121579771800462e+00 -7.198903753113938819e-07
-4.974968710888610701e+00 2.462089689588294217e+00 -7.213999073663046602e-07
-4.968710888610763377e+00 2.461056933724850015e+00 -7.229151717247361830e-07
-4.962453066332916052e+00 2.460023310363575355e+00 -7.244352726587521829e-07
-4.956195244055068727e+00 2.458988817680462624e+00 -7.259602545772736448e-07
-4.949937421777221402e+00 2.457953453845359348e+00 -7.274902729115240163e-07
-4.943679599499374078e+00 2.456917217021941102e+00 -7.290256252012738969e-07
-4.937421777221526753e+00 2.455880105367682198e+00 -7.305663425327679761e-07
-4.931163954943679428e+00 2.454842117033826376e+00 -7.321122139636315751e-07
-4.924906132665832104e+00 2.453803250165358829e+00 -7.336632212862070901e-07
-4.918648310387984779e+00 2.452763502900976889e+00 -7.352199715704443861e-07
-4.912390488110137454e+00 2.451722873373059386e+00 -7.367816046155439835e-07
-4.906132665832290130e+00 2.450681359707639562e+00 -7.383483233702747839e-07
-4.899874843554442805e+00 2.449638960024372647e+00 -7.399209684955110333e-07
-4.893617021276595480e+00 2.448595672436506998e+00 -7.414980922604286206e-07
-4.887359198998748155e+00 2.447551495050856118e+00 -7.430809811914684815e-07
-4.881101376720900831e+00 2.446506425967764464e+00 -7.446698733204470955e-07
-4.874843554443053506e+00 2.445460463281080354e+00 -7.462639675104298931e-07
-4.868585732165206181e+00 2.444413605078123997e+00 -7.478630719148782191e-07
-4.862327909887358857e+00 2.443365849439656845e+00 -7.494680036579381976e-07
-4.856070087609511532e+00 2.442317194439850514e+00 -7.510789052922461906e-07
-4.849812265331664207e+00 2.441267638146256136e+00 -7.526939893587325514e-07
-4.843554443053816883e+00 2.440217178619772831e+00 -7.543148945465816269e-07
-4.837296620775969558e+00 2.439165813914615288e+00 -7.559425108105699564e-07
-4.831038798498122233e+00 2.438113542078283125e+00 -7.575757190458887180e-07
-4.824780976220274908e+00 2.437060361151528909e+00 -7.592142492462983228e-07
-4.818523153942427584e+00 2.436006269168325744e+00 -7.608582275331343681e-07
-4.812265331664581147e+00 2.434951264155835293e+00 -7.625073124017944792e-07
-4.806007509386733823e+00 2.433895344134374028e+00 -7.641631110111291036e-07
-4.799749687108886498e+00 2.432838507117382587e+00 -7.658242116015401280e-07
-4.793491864831039173e+00 2.431780751111391137e+00 -7.674914641597752052e-07
-4.787234042553191848e+00 2.430722074115987841e+00 -7.691638321816185453e-07
-4.780976220275344524e+00 2.429662474123783333e+00 -7.708424201169350454e-07
-4.774718397997497199e+00 2.428601949120380077e+00 -7.725271493619345620e-07
-4.768460575719649874e+00 2.427540497084335946e+00 -7.742179146674743606e-07
-4.762202753441802550e+00 2.426478115987132256e+00 -7.759145228547481565e-07
-4.755944931163955225e+00 2.425414803793138674e+00 -7.776166182082988598e-07
-4.749687108886107900e+00 2.424350558459579918e+00 -7.793248300025368280e-07
-4.743429286608260576e+00 2.423285377936498897e+00 -7.810390649787279926e-07
-4.737171464330413251e+00 2.422219260166725618e+00 -7.827592436449037905e-07
-4.730913642052565926e+00 2.421152203085837673e+00 -7.844860174799350716e-07
-4.724655819774718601e+00 2.420084204622129587e+00 -7.862182647144777548e-07
-4.718397997496871277e+00 2.419015262696574631e+00 -7.879566288337969127e-07
-4.712140175219023952e+00 2.417945375222789739e+00 -7.897022027414379863e-07
-4.705882352941176627e+00 2.416874540106999536e+00 -7.914528219465921666e-07
-4.699624530663329303e+00 2.415802755248002587e+00 -7.932097938478932520e-07
-4.693366708385481978e+00 2.414730018537130096e+00 -7.949737614865171054e-07
-4.687108886107634653e+00 2.413656327858215267e+00 -7.967434094702241509e-07
-4.680851063829787329e+00 2.412581681087551555e+00 -7.985193435366966241e-07
-4.674593241551940004e+00 2.411506076093859807e+00 -8.003019771329888954e-07
-4.668335419274092679e+00 2.410429510738246961e+00 -8.020906081540601917e-07
-4.662077596996245354e+00 2.409351982874173626e+00 -8.038852961078646331e-07
-4.655819774718398030e+00 2.408273490347410561e+00 -8.056871179107361058e-07
-4.649561952440550705e+00 2.407194030996006262e+00 -8.074952613235097942e-07
-4.643304130162703380e+00 2.406113602650244765e+00 -8.093100616335391351e-07
-4.637046307884856056e+00 2.405032203132609681e+00 -8.111312772562939699e-07
-4.630788485607008731e+00 2.403949830257744669e+00 -8.129591333450036927e-07
-4.624530663329161406e+00 2.402866481832414358e+00 -8.147933794333539481e-07
-4.618272841051314082e+00 2.401782155655466156e+00 -8.166339307003056547e-07
-4.612015018773466757e+00 2.400696849517789833e+00 -8.184818907075452898e-07
-4.605757196495619432e+00 2.399610561202278003e+00 -8.203362389380686182e-07
-4.599499374217772107e+00 2.398523288483787486e+00 -8.221972160882273783e-07
-4.593241551939924783e+00 2.397435029129098005e+00 -8.240645761325993135e-07
-4.586983729662077458e+00 2.396345780896872224e+00 -8.259389838727315691e-07
-4.580725907384230133e+00 2.395255541537614441e+00 -8.278206600209614408e-07
-4.574468085106382809e+00 2.394164308793631513e+00 -8.297095961395939412e-07
-4.568210262828535484e+00 2.393072080398988888e+00 -8.316045878586919571e-07
-4.561952440550688159e+00 2.391978854079473304e+00 -8.335057866126760473e-07
-4.555694618272840835e+00 2.390884627552545716e+00 -8.354152596368180639e-07
-4.549436795994993510e+00 2.389789398527304876e+00 -8.373317528231893903e-07
-4.543178973717146185e+00 2.388693164704440264e+00 -8.392547590219123776e-07
-4.536921151439298860e+00 2.387595923776194340e+00 -8.411847063349853215e-07
-4.530663329161451536e+00 2.386497673426315469e+00 -8.431223452731728685e-07
-4.524405506883604211e+00 2.385398411330017066e+00 -8.450669928272702691e-07
-4.518147684605756886e+00 2.384298135153934517e+00 -8.470178665120897676e-07
-4.511889862327909562e+00 2.383196842556081663e+00 -8.489769376396338885e-07
-4.505632040050062237e+00 2.382094531185804165e+00 -8.509436852932594775e-07
-4.499374217772214912e+00 2.380991198683739540e+00 -8.529171919846589844e-07
-4.493116395494367588e+00 2.379886842681770087e+00 -8.548982015632589082e-07
-4.486858573216521151e+00 2.378781460802978920e+00 -8.568854261703506836e-07
-4.480600750938673826e+00 2.377675050661604228e+00 -8.588814246479614667e-07
-4.474342928660826502e+00 2.376567609862994868e+00 -8.608843149460199129e-07
-4.468085106382979177e+00 2.375459136003565064e+00 -8.628944092592405468e-07
-4.461827284105131852e+00 2.374349626670746449e+00 -8.649127907212061928e-07
-4.455569461827284528e+00 2.373239079442944544e+00 -8.669380120451819494e-07
-4.449311639549437203e+00 2.372127491889490791e+00 -8.689711505915909129e-07
-4.443053817271589878e+00 2.371014861570595045e+00 -8.710124848043676593e-07
-4.436795994993742553e+00 2.369901186037300267e+00 -8.730608453966226534e-07
-4.430538172715895229e+00 2.368786462831433681e+00 -8.751171178822403363e-07
-4.424280350438047904e+00 2.367670689485559699e+00 -8.771809199004110269e-07
-4.418022528160200579e+00 2.366553863522931511e+00 -8.792525796330608046e-07
-4.411764705882353255e+00 2.365435982457443131e+00 -8.813320766520860161e-07
-4.405506883604505930e+00 2.364317043793579654e+00 -8.834191178586081605e-07
-4.399249061326658605e+00 2.363197045026370180e+00 -8.855154569609169357e-07
-4.392991239048811281e+00 2.362075983641335419e+00 -8.876189436790582477e-07
-4.386733416770963956e+00 2.360953857114442389e+00 -8.897292240739318459e-07
-4.380475594493116631e+00 2.359830662912049792e+00 -8.918492642173703189e-07
-4.374217772215269306e+00 2.358706398490860057e+00 -8.939771669602691873e-07
-4.367959949937421982e+00 2.357581061297869596e+00 -8.961122075490379757e-07
-4.361702127659574657e+00 2.356454648770315519e+00 -8.982559673853529603e-07
-4.355444305381727332e+00 2.355327158335625448e+00 -9.004082608399244236e-07
-4.349186483103880008e+00 2.354198587411365562e+00 -9.025682810026580682e-07
-4.342928660826032683e+00 2.353068933405189078e+00 -9.047372127035657741e-07
-4.336670838548185358e+00 2.351938193714782965e+00 -9.069141553297299652e-07
-4.330413016270338034e+00 2.350806365727816427e+00 -9.090994668170537807e-07
-4.324155193992490709e+00 2.349673446821885836e+00 -9.112932737309620279e-07
-4.317897371714643384e+00 2.348539434364463663e+00 -9.134950982314649082e-07
-4.311639549436796059e+00 2.347404325712842521e+00 -9.157056810593644514e-07
-4.305381727158948735e+00 2.346268118214082765e+00 -9.179254876201525803e-07
-4.299123904881101410e+00 2.345130809204955646e+00 -9.201539423742133295e-07
-4.292866082603254085e+00 2.343992396011890911e+00 -9.223901402677370243e-07
-4.286608260325406761e+00 2.342852875950920399e+00 -9.246353638303617117e-07
-4.280350438047559436e+00 2.341712246327622093e+00 -9.268897374070661499e-07
-4.274092615769712111e+00 2.340570504437063271e+00 -9.291525433496872211e-07
-4.267834793491864787e+00 2.339427647563747215e+00 -9.314239952651348631e-07
-4.261576971214017462e+00 2.338283672981552375e+00 -9.337047921498253800e-07
-4.255319148936170137e+00 2.337138577953677299e+00 -9.359945978282269152e-07
-4.249061326658322812e+00 2.335992359732583346e+00 -9.382934185175884068e-07
-4.242803504380475488e+00 2.334845015559935621e+00 -9.406007861478826726e-07
-4.236545682102628163e+00 2.333696542666545248e+00 -9.429174823161190488e-07
-4.230287859824780838e+00 2.332546938272309855e+00 -9.452436198209568374e-07
-4.224030037546933514e+00 2.331396199586154960e+00 -9.475789073398743767e-07
-4.217772215269086189e+00 2.330244323805974016e+00 -9.499228963427697181e-07
-4.211514392991238864e+00 2.329091308118569348e+00 -9.522766615255306988e-07
-4.205256570713391540e+00 2.327937149699589536e+00 -9.546397898851921582e-07
-4.198998748435544215e+00 2.326781845713470798e+00 -9.570113381762723748e-07
-4.192740926157696890e+00 2.325625393313374811e+00 -9.593936258767143954e-07
-4.186483103879849565e+00 2.324467789641125659e+00 -9.617852811949489933e-07
-4.180225281602002241e+00 2.323309031827150317e+00 -9.641861069553669950e-07
-4.173967459324154916e+00 2.322149116990413820e+00 -9.665961964167024689e-07
-4.167709637046307591e+00 2.320988042238357973e+00 -9.690161197895008627e-07
-4.161451814768460267e+00 2.319825804666835634e+00 -9.714463877763535038e-07
-4.155193992490612942e+00 2.318662401360048975e+00 -9.738862076780208099e-07
-4.148936170212765617e+00 2.317497829390484210e+00 -9.763357806669148431e-07
-4.142678347934918293e+00 2.316332085818846309e+00 -9.787943260342046869e-07
-4.136420525657070968e+00 2.315165167693995496e+00 -9.812634167438716304e-07
-4.130162703379223643e+00 2.313997072052877968e+00 -9.837432184411909475e-07
-4.123904881101376318e+00 2.312827795920464169e+00 -9.862322909448550945e-07
-4.117647058823528994e+00 2.311657336309678623e+00 -9.887315761680781634e-07
-4.111389236545681669e+00 2.310485690221334210e+00 -9.912409941748023812e-07
-4.105131414267834344e+00 2.309312854644064661e+00 -9.937606080256955465e-07
-4.098873591989987020e+00 2.308138826554256173e+00 -9.962910700878069292e-07
-4.092615769712139695e+00 2.306963602915978129e+00 -9.988319598086548012e-07
-4.086357947434293258e+00 2.305787180680915593e+00 -1.001380834253495777e-06
-4.080100125156445934e+00 2.304609556788298708e+00 -1.003942010413538810e-06
-4.073842302878598609e+00 2.303430728164831187e+00 -1.006514418477877371e-06
-4.067584480600751284e+00 2.302250691724623266e+00 -1.009096561421785054e-06
-4.061326658322903960e+00 2.301069444369117090e+00 -1.011689328311859981e-06
-4.055068836045056635e+00 2.299886982987018325e+00 -1.014292565049146333e-06
-4.048811013767209310e+00 2.298703304454220664e+00 -1.016906486572821677e-06
-4.042553191489361986e+00 2.297518405633735661e+00 -1.019531697732389830e-06
-4.036295369211514661e+00 2.296332283375618566e+00 -1.022167481323776883e-06
-4.030037546933667336e+00 2.295144934516895052e+00 -1.024813875538654884e-06
-4.023779724655820011e+00 2.293956355881487053e+00 -1.027472001258189493e-06
-4.017521902377972687e+00 2.292766544280136820e+00 -1.030141300262243931e-06
-4.011264080100125362e+00 2.291575496510333210e+00 -1.032820550417312688e-06
-4.005006257822278037e+00 2.290383209356235739e+00 -1.035511254077192689e-06
-3.998748435544430713e+00 2.289189679588595983e+00 -1.038213818027600155e-06
-3.992490613266583388e+00 2.287994903964683857e+00 -1.040927516182676982e-06
-3.986232790988736063e+00 2.286798879228207237e+00 -1.043652132715067182e-06
-3.979974968710888739e+00 2.285601602109236019e+00 -1.046388567349509913e-06
-3.973717146433041414e+00 2.284403069324121294e+00 -1.049136709951881130e-06
-3.967459324155194089e+00 2.283203277575418966e+00 -1.051896379333783216e-06
-3.961201501877346765e+00 2.282002223551806264e+00 -1.054667553290755677e-06
-3.954943679599499440e+00 2.280799903928005357e+00 -1.057449591890247120e-06
-3.948685857321652115e+00 2.279596315364698977e+00 -1.060244145811850558e-06
-3.942428035043804790e+00 2.278391454508450042e+00 -1.063050639071860815e-06
-3.936170212765957466e+00 2.277185317991620384e+00 -1.065868838079353509e-06
-3.929912390488110141e+00 2.275977902432286371e+00 -1.068699362338776382e-06
-3.923654568210262816e+00 2.274769204434155867e+00 -1.071541847696977356e-06
-3.917396745932415492e+00 2.273559220586485186e+00 -1.074396120515075381e-06
-3.911138923654568167e+00 2.272347947463993378e+00 -1.077262349102880989e-06
-3.904881101376720842e+00 2.271135381626776972e+00 -1.080141514009369530e-06
-3.898623279098873518e+00 2.269921519620223815e+00 -1.083032873605560553e-06
-3.892365456821026193e+00 2.268706357974927812e+00 -1.085936424338740380e-06
-3.886107634543178868e+00 2.267489893206599660e+00 -1.088852334962808754e-06
-3.879849812265331543e+00 2.266272121815981144e+00 -1.091780717832335768e-06
-3.873591989987484219e+00 2.265053040288753650e+00 -1.094722037464634923e-06
-3.867334167709636894e+00 2.263832645095452456e+00 -1.097676203265507411e-06
-3.861076345431789569e+00 2.262610932691373478e+00 -1.100642628593107020e-06
-3.854818523153942245e+00 2.261387899516485334e+00 -1.103621933395970700e-06
-3.848560700876094920e+00 2.260163541995336089e+00 -1.106614988977128178e-06
-3.842302878598247595e+00 2.258937856536962219e+00 -1.109620321848581170e-06
-3.836045056320400271e+00 2.257710839534796232e+00 -1.112638404077159748e-06
-3.829787234042552946e+00 2.256482487366572531e+00 -1.115670005269464582e-06
-3.823529411764705621e+00 2.255252796394233261e+00 -1.118715530434855054e-06
-3.817271589486858296e+00 2.254021762963834163e+00 -1.121774353851634487e-06
-3.811013767209010972e+00 2.252789383405448653e+00 -1.124845443456479188e-06
-3.804755944931163647e+00 2.251555654033072340e+00 -1.127930242095231961e-06
-3.798498122653316766e+00 2.250320571144523996e+00 -1.131029020662310813e-06
-3.792240300375469442e+00 2.249084131021349631e+00 -1.134141794700838091e-06
-3.785982478097622117e+00 2.247846329928723019e+00 -1.137267595208157900e-06
-3.779724655819774792e+00 2.246607164115347999e+00 -1.140407284605515770e-06
-3.773466833541927468e+00 2.245366629813355885e+00 -1.143561177752161484e-06
-3.767209011264080143e+00 2.244124723238206442e+00 -1.146729250667277711e-06
-3.760951188986232818e+00 2.242881440588585740e+00 -1.149911005970949418e-06
-3.754693366708385494e+00 2.241636778046304457e+00 -1.153107255458252212e-06
-3.748435544430538169e+00 2.240390731776193078e+00 -1.156317386730165708e-06
-3.742177722152690844e+00 2.239143297926000198e+00 -1.159541439754718795e-06
-3.735919899874843519e+00 2.237894472626285047e+00 -1.162780547403485798e-06
-3.729662077596996195e+00 2.236644251990314025e+00 -1.166033865462878794e-06
-3.723404255319148870e+00 2.235392632113953670e+00 -1.169301869996530741e-06
-3.717146433041301545e+00 2.234139609075562305e+00 -1.172585161413053356e-06
-3.710888610763454221e+00 2.232885178935883452e+00 -1.175882328841026947e-06
-3.704630788485607340e+00 2.231629337737936591e+00 -1.179194446532250140e-06
-3.698372966207760015e+00 2.230372081506905690e+00 -1.182521944809167280e-06
-3.692115143929912691e+00 2.229113406250030405e+00 -1.185864646480183637e-06
-3.685857321652065366e+00 2.227853307956493722e+00 -1.189221788155947479e-06
-3.679599499374218041e+00 2.226591782597310054e+00 -1.192594222931830927e-06
-3.673341677096370717e+00 2.225328826125210657e+00 -1.195982511248416813e-06
-3.667083854818523392e+00 2.224064434474530394e+00 -1.199385956773824091e-06
-3.660826032540676067e+00 2.222798603561091824e+00 -1.202805067102019621e-06
-3.654568210262828742e+00 2.221531329282090184e+00 -1.206239618856130846e-06
-3.648310387984981418e+00 2.220262607515975706e+00 -1.209689827419424546e-06
-3.642052565707134093e+00 2.218992434122335045e+00 -1.213156561874484396e-06
-3.635794743429286768e+00 2.217720804941773149e+00 -1.216638445544759861e-06
-3.629536921151439444e+00 2.216447715795794249e+00 -1.220136081947487128e-06
-3.623279098873592119e+00 2.215173162486678837e+00 -1.223650661241748594e-06
-3.617021276595744794e+00 2.213897140797363328e+00 -1.227181026131063390e-06
-3.610763454317897470e+00 2.212619646491317482e+00 -1.230727828538391577e-06
-3.604505632040050145e+00 2.211340675312419179e+00 -1.234291173268786679e-06
-3.598247809762202820e+00 2.210060222984831846e+00 -1.237870726811252098e-06
-3.591989987484355495e+00 2.208778285212876558e+00 -1.241467027401910173e-06
-3.585732165206508171e+00 2.207494857680906364e+00 -1.245080322842539999e-06
-3.579474342928660846e+00 2.206209936053177501e+00 -1.248710315593370979e-06
-3.573216520650813521e+00 2.204923515973722825e+00 -1.252357115344437943e-06
-3.566958698372966197e+00 2.203635593066218146e+00 -1.256021244788740887e-06
-3.560700876095118872e+00 2.202346162933854323e+00 -1.259702116840344388e-06
-3.554443053817271547e+00 2.201055221159204489e+00 -1.263400749351717423e-06
-3.548185231539424223e+00 2.199762763304089042e+00 -1.267117285319585562e-06
-3.541927409261576898e+00 2.198468784909444196e+00 -1.270850040313575846e-06
-3.535669586983729573e+00 2.197173281495185204e+00 -1.274600866629782558e-06
-3.529411764705882248e+00 2.195876248560068245e+00 -1.278369900603593123e-06
-3.523153942428034924e+00 2.194577681581556305e+00 -1.282156676385426408e-06
-3.516896120150187599e+00 2.193277576015677077e+00 -1.285961185093498216e-06
-3.510638297872340274e+00 2.191975927296886173e+00 -1.289783725599846775e-06
-3.504380475594492950e+00 2.190672730837922355e+00 -1.293625015552635205e-06
-3.498122653316645625e+00 2.189367982029668536e+00 -1.297484216067346097e-06
-3.491864831038798300e+00 2.188061676241006559e+00 -1.301362000827310794e-06
-3.485607008760950976e+00 2.186753808818673317e+00 -1.305258529260555633e-06
-3.479349186483103651e+00 2.185444375087114199e+00 -1.309173195629398379e-06
-3.473091364205256326e+00 2.184133370348336989e+00 -1.313106736677838171e-06
-3.466833541927409001e+00 2.182820789881762646e+00 -1.317060032146599724e-06
-3.460575719649561677e+00 2.181506628944075210e+00 -1.321031432688357654e-06
-3.454317897371714352e+00 2.180190882769073468e+00 -1.325022634723893589e-06
-3.448060075093867027e+00 2.178873546567515085e+00 -1.329033289643177795e-06
-3.441802252816020147e+00 2.177554615526967385e+00 -1.333062707331578167e-06
-3.435544430538172822e+00 2.176234084811648817e+00 -1.337111797283796477e-06
-3.429286608260325497e+00 2.174911949562275737e+00 -1.341181176339745207e-06
-3.423028785982478173e+00 2.173588204895902543e+00 -1.345270725927605326e-06
-3.416770963704630848e+00 2.172262845905765793e+00 -1.349379430859443119e-06
-3.410513141426783523e+00 2.170935867661122121e+00 -1.353508388035606913e-06
-3.404255319148936199e+00 2.169607265207087465e+00 -1.357657667178102656e-06
-3.397997496871088874e+00 2.168277033564474099e+00 -1.361827238532953288e-06
-3.391739674593241549e+00 2.166945167729626753e+00 -1.366017577719702558e-06
-3.385481852315394224e+00 2.165611662674256088e+00 -1.370228794872474509e-06
-3.379224030037546900e+00 2.164276513345273045e+00 -1.374460040892699908e-06
-3.372966207759699575e+00 2.162939714664619650e+00 -1.378712919386515523e-06
-3.366708385481852250e+00 2.161601261529098039e+00 -1.382987082632070042e-06
-3.360450563204004926e+00 2.160261148810200815e+00 -1.387281590936595421e-06
-3.354192740926157601e+00 2.158919371353937411e+00 -1.391597939104372017e-06
-3.347934918648310720e+00 2.157575923980658672e+00 -1.395936175097034493e-06
-3.341677096370463396e+00 2.156230801484882331e+00 -1.400295598585898915e-06
-3.335419274092616071e+00 2.154883998635114928e+00 -1.404676841509910901e-06
-3.329161451814768746e+00 2.153535510173672840e+00 -1.409080214731517344e-06
-3.322903629536921422e+00 2.152185330816501097e+00 -1.413506026448629882e-06
-3.316645807259074097e+00 2.150833455252991744e+00 -1.417953738869215385e-06
-3.310387984981226772e+00 2.149479878145800882e+00 -1.422423935526495598e-06
-3.304130162703379447e+00 2.148124594130660814e+00 -1.426916563129765336e-06
-3.297872340425532123e+00 2.146767597816195750e+00 -1.431432278042876760e-06
-3.291614518147684798e+00 2.145408883783730403e+00 -1.435970641949779747e-06
-3.285356695869837473e+00 2.144048446587102585e+00 -1.440532250374104706e-06
-3.279098873591990149e+00 2.142686280752467809e+00 -1.445117155274289189e-06
-3.272841051314142824e+00 2.141322380778108325e+00 -1.449725247404387574e-06
-3.266583229036295499e+00 2.139956741134235063e+00 -1.454357147157026020e-06
-3.260325406758448175e+00 2.138589356262793562e+00 -1.459012567650574965e-06
-3.254067584480600850e+00 2.137220220577261021e+00 -1.463691704728375953e-06
-3.247809762202753525e+00 2.135849328462448682e+00 -1.468394930537186838e-06
-3.241551939924906200e+00 2.134476674274297103e+00 -1.473122453354847039e-06
-3.235294117647058876e+00 2.133102252339672766e+00 -1.477874781663501835e-06
-3.229036295369211551e+00 2.131726056956161131e+00 -1.482651222683983860e-06
-3.222778473091364226e+00 2.130348082391859688e+00 -1.487452765402963450e-06
-3.216520650813516902e+00 2.128968322885164799e+00 -1.492279405379548507e-06
-3.210262828535669577e+00 2.127586772644564750e+00 -1.497130221572717801e-06
-3.204005006257822252e+00 2.126203425848420370e+00 -1.502006679032774628e-06
-3.197747183979974928e+00 2.124818276644753201e+00 -1.506909058868188822e-06
-3.191489361702127603e+00 2.123431319151024788e+00 -1.511836694056967190e-06
-3.185231539424280278e+00 2.122042547453919514e+00 -1.516790355093888820e-06
-3.178973717146432953e+00 2.120651955609119899e+00 -1.521770221835083703e-06
-3.172715894868585629e+00 2.119259537641085878e+00 -1.526776023386133829e-06
-3.166458072590738304e+00 2.117865287542825214e+00 -1.531807936050455510e-06
-3.160200250312890979e+00 2.116469199275669677e+00 -1.536866914619849922e-06
-3.153942428035043655e+00 2.115071266769039671e+00 -1.541952811656699396e-06
-3.147684605757196330e+00 2.113671483920217753e+00 -1.547065189733132229e-06
-3.141426783479349005e+00 2.112269844594108825e+00 -1.552204869970097434e-06
-3.135168961201501681e+00 2.110866342623007874e+00 -1.557371964722165103e-06
-3.128911138923654356e+00 2.109460971806357499e+00 -1.562566825263900228e-06
-3.122653316645807031e+00 2.108053725910510323e+00 -1.567789344569803234e-06
-3.116395494367959706e+00 2.106644598668482082e+00 -1.573039554614297231e-06
-3.110137672090112382e+00 2.105233583779709594e+00 -1.578318186368221632e-06
-3.103879849812265057e+00 2.103820674909799404e+00 -1.583625586221160120e-06
-3.097622027534417732e+00 2.102405865690280429e+00 -1.588961143550449151e-06
-3.091364205256570408e+00 2.100989149718349491e+00 -1.594325314879796451e-06
-3.085106382978723527e+00 2.099570520556618192e+00 -1.599718955969109402e-06
-3.078848560700876202e+00 2.098149971732851782e+00 -1.605141827010214683e-06
-3.072590738423028878e+00 2.096727496739714702e+00 -1.610593971523854862e-06
-3.066332916145181553e+00 2.095303089034503241e+00 -1.616076494848073253e-06
-3.060075093867334228e+00 2.093876742038883521e+00 -1.621588130884532575e-06
-3.053817271589486904e+00 2.092448449138624600e+00 -1.627129874393062892e-06
-3.047559449311639579e+00 2.091018203683325360e+00 -1.632702493647997244e-06
-3.041301627033792254e+00 2.089585998986145832e+00 -1.638305334950018732e-06
-3.035043804755944929e+00 2.088151828323529191e+00 -1.643939230522306616e-06
-3.028785982478097605e+00 2.086715684934925541e+00 -1.649604165709916970e-06
-3.022528160200250280e+00 2.085277562022511244e+00 -1.655300277292326427e-06
-3.016270337922402955e+00 2.083837452750905150e+00 -1.661027765997857841e-06
-3.010012515644555631e+00 2.082395350246883492e+00 -1.666787019960480620e-06
-3.003754693366708306e+00 2.080951247599090781e+00 -1.672578946898539698e-06
-2.997496871088860981e+00 2.079505137857747599e+00 -1.678402696381198211e-06
-2.991239048811013657e+00 2.078057014034358385e+00 -1.684258722267628627e-06
-2.984981226533166332e+00 2.076606869101411235e+00 -1.690147681809861524e-06
-2.978723404255319007e+00 2.075154695992081244e+00 -1.696069813039713381e-06
-2.972465581977471683e+00 2.073700487599924092e+00 -1.702025275829299744e-06
-2.966207759699624358e+00 2.072244236778572279e+00 -1.708014193635420952e-06
-2.959949937421777033e+00 2.070785936341425160e+00 -1.714036891087289405e-06
-2.953692115143929708e+00 2.069325579061337184e+00 -1.720093576018655313e-06
-2.947434292866082828e+00 2.067863157670302598e+00 -1.726184221784166084e-06
-2.941176470588235503e+00 2.066398664859137035e+00 -1.732309907964690865e-06
-2.934918648310388178e+00 2.064932093277155101e+00 -1.738470325918228809e-06
-2.928660826032540854e+00 2.063463435531848411e+00 -1.744665777181353405e-06
-2.922403003754693529e+00 2.061992684188554303e+00 -1.750897073105051049e-06
-2.916145181476846204e+00 2.060519831770127208e+00 -1.757163659910077058e-06
-2.909887359198998880e+00 2.059044870756603363e+00 -1.763465919957241113e-06
-2.903629536921151555e+00 2.057567793584861970e+00 -1.769804912399308705e-06
-2.897371714643304230e+00 2.056088592648284585e+00 -1.776180576840147296e-06
-2.891113892365456906e+00 2.054607260296411386e+00 -1.782592620624967594e-06
-2.884856070087609581e+00 2.053123788834592123e+00 -1.789042062494416996e-06
-2.878598247809762256e+00 2.051638170523632621e+00 -1.795528772774446225e-06
-2.872340425531914931e+00 2.050150397579443506e+00 -1.802052915778062925e-06
-2.866082603254067607e+00 2.048660462172677832e+00 -1.808615561316173626e-06
-2.859824780976220282e+00 2.047168356428369140e+00 -1.815216308820311042e-06
-2.853566958698372957e+00 2.045674072425566425e+00 -1.821855993178189692e-06
-2.847309136420525633e+00 2.044177602196963317e+00 -1.828534430092787488e-06
-2.841051314142678308e+00 2.042678937728524158e+00 -1.835251763004919212e-06
-2.834793491864830983e+00 2.041178070959106527e+00 -1.842009242469799801e-06
-2.828535669586983659e+00 2.039674993780079326e+00 -1.848806072235475995e-06
-2.822277847309136334e+00 2.038169698034938193e+00 -1.855643211090551858e-06
-2.816020025031289009e+00 2.036662175518914264e+00 -1.862521526341254230e-06
-2.809762202753441684e+00 2.035152417978582040e+00 -1.869440154678159161e-06
-2.803504380475594360e+00 2.033640417111462373e+00 -1.876399826628016854e-06
-2.797246558197747035e+00 2.032126164565618787e+00 -1.883401548941066039e-06
-2.790988735919899710e+00 2.030609651939252025e+00 -1.890444992547202219e-06
-2.784730913642052386e+00 2.029090870780291045e+00 -1.897530398142777130e-06
-2.778473091364205061e+00 2.027569812585977349e+00 -1.904658717855056693e-06
-2.772215269086358180e+00 2.026046468802446210e+00 -1.911830267875558320e-06
-2.765957446808510856e+00 2.024520830824303008e+00 -1.919044736453656697e-06
-2.759699624530663531e+00 2.022992889994197352e+00 -1.926302299892768133e-06
-2.753441802252816206e+00 2.021462637602388313e+00 -1.933604636850105862e-06
-2.747183979974968882e+00 2.019930064886307886e+00 -1.940951636747456632e-06
-2.740926157697121557e+00 2.018395163030121342e+00 -1.948342527757773723e-06
-2.734668335419274232e+00 2.016857923164279587e+00 -1.955778760276416506e-06
-2.728410513141426907e+00 2.015318336365067076e+00 -1.963260954696011140e-06
-2.722152690863579583e+00 2.013776393654147956e+00 -1.970789073268974789e-06
-2.715894868585732258e+00 2.012232085998104214e+00 -1.978362955679102697e-06
-2.709637046307884933e+00 2.010685404307971158e+00 -1.985983695274029515e-06
-2.703379224030037609e+00 2.009136339438763574e+00 -1.993651907117310884e-06
-2.697121401752190284e+00 2.007584882189004105e+00 -2.001367096493567033e-06
-2.690863579474342959e+00 2.006031023300239191e+00 -2.009130151137128451e-06
-2.684605757196495635e+00 2.004474753456553682e+00 -2.016942048044256808e-06
-2.678347934918648310e+00 2.002916063284079673e+00 -2.024802496336519653e-06
-2.672090112640800985e+00 2.001354943350500015e+00 -2.032711466259939925e-06
-2.665832290362953660e+00 1.999791384164544938e+00 -2.040670600722549466e-06
-2.659574468085106336e+00 1.998225376175484236e+00 -2.048679530908259494e-06
-2.653316645807259011e+00 1.996656909772615451e+00 -2.056738711786465501e-06
-2.647058823529411686e+00 1.995085975284742963e+00 -2.064849181193650907e-06
-2.640801001251564362e+00 1.993512562979654401e+00 -2.073010429759492013e-06
-2.634543178973717037e+00 1.991936663063589519e+00 -2.081223591909875381e-06
-2.628285356695869712e+00 1.990358265680703731e+00 -2.089489338219507886e-06
-2.622027534418022388e+00 1.988777360912526104e+00 -2.097807263012896328e-06
-2.615769712140175063e+00 1.987193938777410684e+00 -2.106178300431693629e-06
-2.609511889862327738e+00 1.985607989229981163e+00 -2.114603217417965197e-06
-2.603254067584480413e+00 1.984019502160571102e+00 -2.123081917160263288e-06
-2.596996245306633533e+00 1.982428467394656835e+00 -2.131615299605371661e-06
-2.590738423028786208e+00 1.980834874692282366e+00 -2.140203450018418607e-06
-2.584480600750938883e+00 1.979238713747481615e+00 -2.148847278782284320e-06
-2.578222778473091559e+00 1.977639974187690219e+00 -2.157547379866286974e-06
-2.571964956195244234e+00 1.976038645573153341e+00 -2.166303459061325043e-06
-2.565707133917396909e+00 1.974434717396325034e+00 -2.175116494251838617e-06
-2.559449311639549585e+00 1.972828179081262290e+00 -2.183987480197657760e-06
-2.553191489361702260e+00 1.971219019983009968e+00 -2.192916506382758257e-06
-2.546933667083854935e+00 1.969607229386982183e+00 -2.201903689602602299e-06
-2.540675844806007611e+00 1.967992796508332365e+00 -2.210950181602555631e-06
-2.534418022528160286e+00 1.966375710491319539e+00 -2.220056238178003127e-06
-2.528160200250312961e+00 1.964755960408665514e+00 -2.229222637595285050e-06
-2.521902377972465636e+00 1.963133535260904949e+00 -2.238449588798374634e-06
-2.515644555694618312e+00 1.961508423975728554e+00 -2.247737674654359807e-06
-2.509386733416770987e+00 1.959880615407317173e+00 -2.257087579948802158e-06
-2.503128911138923662e+00 1.958250098335670319e+00 -2.266500123582204651e-06
-2.496871088861076338e+00 1.956616861465924284e+00 -2.275975513388317495e-06
-2.490613266583229013e+00 1.954980893427664679e+00 -2.285514394850807207e-06
-2.484355444305381688e+00 1.953342182774228997e+00 -2.295117472739249820e-06
-2.478097622027534364e+00 1.951700717982002731e+00 -2.304785002849030207e-06
-2.471839799749687039e+00 1.950056487449705278e+00 -2.314518255941422353e-06
-2.465581977471839714e+00 1.948409479497668739e+00 -2.324317245339102556e-06
-2.459324155193992389e+00 1.946759682367108280e+00 -2.334182748642277261e-06
-2.453066332916145065e+00 1.945107084219382276e+00 -2.344115431096582824e-06
-2.446808510638297740e+00 1.943451673135246249e+00 -2.354115879565910063e-06
-2.440550688360450415e+00 1.941793437114094578e+00 -2.364184898739907226e-06
-2.434292866082603091e+00 1.940132364073196447e+00 -2.374323030407410329e-06
-2.428035043804755766e+00 1.938468441846920243e+00 -2.384530956467401097e-06
-2.421777221526908441e+00 1.936801658185949515e+00 -2.394809122785446220e-06
-2.415519399249061561e+00 1.935132000756489834e+00 -2.405158235907478570e-06
-2.409261576971214236e+00 1.933459457139464766e+00 -2.415579180459204167e-06
-2.403003754693366911e+00 1.931784014829704299e+00 -2.426072774897036766e-06
-2.396745932415519587e+00 1.930105661235120396e+00 -2.436639156222497604e-06
-2.390488110137672262e+00 1.928424383675876097e+00 -2.447279456196937986e-06
-2.384230287859824937e+00 1.926740169383540202e+00 -2.457994629834203693e-06
-2.377972465581977612e+00 1.925053005500236392e+00 -2.468784744413810017e-06
-2.371714643304130288e+00 1.923362879077777254e+00 -2.479650723641313448e-06
-2.365456821026282963e+00 1.921669777076791208e+00 -2.490593672632712696e-06
-2.359198998748435638e+00 1.919973686365836318e+00 -2.501614228211934687e-06
-2.352941176470588314e+00 1.918274593720504795e+00 -2.512712539592953931e-06
-2.346683354192740989e+00 1.916572485822515270e+00 -2.523890060723843476e-06
-2.340425531914893664e+00 1.914867349258793316e+00 -2.535147531013137723e-06
-2.334167709637046340e+00 1.913159170520543073e+00 -2.546485586174540572e-06
-2.327909887359199015e+00 1.911447936002303560e+00 -2.557904955624579202e-06
-2.321652065081351690e+00 1.909733632000996328e+00 -2.569406069463653353e-06
-2.315394242803504365e+00 1.908016244714959120e+00 -2.580990438705299539e-06
-2.309136420525657041e+00 1.906295760242968429e+00 -2.592658857158980368e-06
-2.302878598247809716e+00 1.904572164583248739e+00 -2.604411580620080713e-06
-2.296620775969962391e+00 1.902845443632470657e+00 -2.616249665354786202e-06
-2.290362953692115067e+00 1.901115583184734170e+00 -2.628174308849651197e-06
-2.284105131414267742e+00 1.899382568930541471e+00 -2.640186180347114941e-06
-2.277847309136420417e+00 1.897646386455754008e+00 -2.652286091198163831e-06
-2.271589486858573093e+00 1.895907021240538226e+00 -2.664475043934189102e-06
-2.265331664580725768e+00 1.894164458658296635e+00 -2.676753471098081150e-06
-2.259073842302878443e+00 1.892418683974586235e+00 -2.689122952537204014e-06
-2.252816020025031118e+00 1.890669682346020286e+00 -2.701584589592798125e-06
-2.246558197747183794e+00 1.888917438819159411e+00 -2.714138322090775546e-06
-2.240300375469336913e+00 1.887161938329386279e+00 -2.726785640172479930e-06
-2.234042553191489588e+00 1.885403165699764516e+00 -2.739527618755843719e-06
-2.227784730913642264e+00 1.883641105639885849e+00 -2.752365209301999016e-06
-2.221526908635794939e+00 1.881875742744698599e+00 -2.765299454310365945e-06
-2.215269086357947614e+00 1.880107061493323961e+00 -2.778331065655947896e-06
-2.209011264080100290e+00 1.878335046247854301e+00 -2.791461251705484869e-06
-2.202753441802252965e+00 1.876559681252136125e+00 -2.804690944380183737e-06
-2.196495619524405640e+00 1.874780950630537957e+00 -2.818021272554815937e-06
-2.190237797246558316e+00 1.872998838386700449e+00 -2.831453184359844499e-06
-2.183979974968710991e+00 1.871213328402271392e+00 -2.844987915917585042e-06
-2.177722152690863666e+00 1.869424404435620746e+00 -2.858626418467125063e-06
-2.171464330413016341e+00 1.867632050120543230e+00 -2.872369996298473893e-06
-2.165206508135169017e+00 1.865836248964937827e+00 -2.886219518272170603e-06
-2.158948685857321692e+00 1.864036984349475068e+00 -2.900176010456334552e-06
-2.152690863579474367e+00 1.862234239526241231e+00 -2.914240927909261814e-06
-2.146433041301627043e+00 1.860427997617368101e+00 -2.928415382852378457e-06
-2.140175219023779718e+00 1.858618241613641198e+00 -2.942700345620608005e-06
-2.133917396745932393e+00 1.856804954373091343e+00 -2.957097071876191308e-06
-2.127659574468085069e+00 1.854988118619564474e+00 -2.971607011792443132e-06
-2.121401752190237744e+00 1.853167716941274357e+00 -2.986231211643541883e-06
-2.115143929912390419e+00 1.851343731789333535e+00 -3.000970651090284491e-06
-2.108886107634543094e+00 1.849516145476264528e+00 -3.015826951946465329e-06
-2.102628285356695770e+00 1.847684940174490142e+00 -3.030801469128263648e-06
-2.096370463078848445e+00 1.845850097914804255e+00 -3.045895124564879097e-06
-2.090112640801001120e+00 1.844011600584818611e+00 -3.061109476343304436e-06
-2.083854818523153796e+00 1.842169429927390523e+00 -3.076445815430872699e-06
-2.077596996245306471e+00 1.840323567539026595e+00 -3.091905316221499334e-06
-2.071339173967459146e+00 1.838473994868265349e+00 -3.107489516596118051e-06
-2.065081351689611822e+00 1.836620693214036093e+00 -3.123199874499604789e-06
-2.058823529411764941e+00 1.834763643723994919e+00 -3.139037644483977374e-06
-2.052565707133917616e+00 1.832902827392837164e+00 -3.155004406840689057e-06
-2.046307884856070292e+00 1.831038225060585889e+00 -3.171101487398075847e-06
-2.040050062578222967e+00 1.829169817410855492e+00 -3.187330189780013256e-06
-2.033792240300375642e+00 1.827297584969090893e+00 -3.203692301001481724e-06
-2.027534418022528317e+00 1.825421508100780743e+00 -3.220189294994568741e-06
-2.021276595744680993e+00 1.823541567009646203e+00 -3.236822669450134526e-06
-2.015018773466833668e+00 1.821657741735801750e+00 -3.253593833907331145e-06
-2.008760951188986343e+00 1.819770012153891336e+00 -3.270504237873339548e-06
-2.002503128911139019e+00 1.817878357971194792e+00 -3.287556059605734049e-06
-1.996245306633291694e+00 1.815982758725709356e+00 -3.304750719079763144e-06
-1.989987484355444369e+00 1.814083193784201464e+00 -3.322089319413024100e-06
-1.983729662077597045e+00 1.812179642340230323e+00 -3.339573950489338472e-06
-1.977471839799749720e+00 1.810272083412142186e+00 -3.357206622478514646e-06
-1.971214017521902395e+00 1.808360495841034865e+00 -3.374988393645139695e-06
-1.964956195244055071e+00 1.806444858288693611e+00 -3.392921357869838062e-06
-1.958698372966207746e+00 1.804525149235493231e+00 -3.411007401865617794e-06
-1.952440550688360421e+00 1.802601346978272012e+00 -3.429248127462258822e-06
-1.946182728410513096e+00 1.800673429628171673e+00 -3.447645729126591618e-06
-1.939924906132665772e+00 1.798741375108446006e+00 -3.466201492718923305e-06
-1.933667083854818447e+00 1.796805161152236430e+00 -3.484917225460293366e-06
-1.927409261576971122e+00 1.794864765300313136e+00 -3.503795767079154189e-06
-1.921151439299123798e+00 1.792920164898781810e+00 -3.522838287750573727e-06
-1.914893617021276473e+00 1.790971337096758376e+00 -3.542046775661944480e-06
-1.908635794743429148e+00 1.789018258844002895e+00 -3.561423585818346282e-06
-1.902377972465581824e+00 1.787060906888523260e+00 -3.580970240335545896e-06
-1.896120150187734499e+00 1.785099257774137138e+00 -3.600689338467688572e-06
-1.889862327909887174e+00 1.783133287837998404e+00 -3.620582902374991363e-06
-1.883604505632040294e+00 1.781162973208086697e+00 -3.640652681768941079e-06
-1.877346683354192969e+00 1.779188289800654577e+00 -3.660901229718405148e-06
-1.871088861076345644e+00 1.777209213317638259e+00 -3.681330385418846163e-06
-1.864831038798498319e+00 1.775225719244025724e+00 -3.701942591360918300e-06
-1.858573216520650995e+00 1.773237782845184851e+00 -3.722740074874053562e-06
-1.852315394242803670e+00 1.771245379164148481e+00 -3.743725383476004254e-06
-1.846057571964956345e+00 1.769248483018857288e+00 -3.764900404101823028e-06
-1.839799749687109021e+00 1.767247068999359350e+00 -3.786267494643169584e-06
-1.833541927409261696e+00 1.765241111464963986e+00 -3.807829524138384159e-06
-1.827284105131414371e+00 1.763230584541351176e+00 -3.829588685277940385e-06
-1.821026282853567047e+00 1.761215462117635022e+00 -3.851547504263308497e-06
-1.814768460575719722e+00 1.759195717843378359e+00 -3.873708566803912845e-06
-1.808510638297872397e+00 1.757171325125561845e+00 -3.896074063369781015e-06
-1.802252816020025072e+00 1.755142257125501537e+00 -3.918646974687689521e-06
-1.795994993742177748e+00 1.753108486755718065e+00 -3.941430012810442918e-06
-1.789737171464330423e+00 1.751069986676754286e+00 -3.964425560276652050e-06
-1.783479349186483098e+00 1.749026729293940985e+00 -3.987636710611752733e-06
-1.777221526908635774e+00 1.746978686754109500e+00 -4.011066031761600925e-06
-1.770963704630788449e+00 1.744925830942250622e+00 -4.034716165390861420e-06
-1.764705882352941124e+00 1.742868133478117754e+00 -4.058590384214966207e-06
-1.758448060075093800e+00 1.740805565712774339e+00 -4.082691447138131480e-06
-1.752190237797246475e+00 1.738738098725082892e+00 -4.107022194554943439e-06
-1.745932415519399150e+00 1.736665703318137854e+00 -4.131585899402878681e-06
-1.739674593241551825e+00 1.734588350015634717e+00 -4.156385595921463505e-06
-1.733416770963704501e+00 1.732506009058182972e+00 -4.181424178240078504e-06
-1.727158948685857176e+00 1.730418650399552227e+00 -4.206704918408021854e-06
-1.720901126408009851e+00 1.728326243702858145e+00 -4.232231199718938797e-06
-1.714643304130162527e+00 1.726228758336681768e+00 -4.258006189417073983e-06
-1.708385481852315202e+00 1.724126163371123566e+00 -4.284033298995737482e-06
-1.702127659574468321e+00 1.722018427573789534e+00 -4.310315934397124238e-06
-1.695869837296620997e+00 1.719905519405707794e+00 -4.336857393427706597e-06
-1.689612015018773672e+00 1.717787407017176804e+00 -4.363661310957667183e-06
-1.683354192740926347e+00 1.715664058243538737e+00 -4.390731314085627446e-06
-1.677096370463079023e+00 1.713535440600882032e+00 -4.418071171796711383e-06
-1.670838548185231698e+00 1.711401521281668003e+00 -4.445684246512371374e-06
-1.664580725907384373e+00 1.709262267150280623e+00 -4.473574511942857157e-06
-1.658322903629537048e+00 1.707117644738498141e+00 -4.501745808127566306e-06
-1.652065081351689724e+00 1.704967620240886106e+00 -4.530201888508500474e-06
-1.645807259073842399e+00 1.702812159510107115e+00 -4.558947051869211009e-06
-1.639549436795995074e+00 1.700651228052147967e+00 -4.587985227511026665e-06
-1.633291614518147750e+00 1.698484791021462437e+00 -4.617320431110627510e-06
-1.627033792240300425e+00 1.696312813216025894e+00 -4.646956720755213155e-06
-1.620775969962453100e+00 1.694135259072301558e+00 -4.676898594402345566e-06
-1.614518147684605776e+00 1.691952092660116147e+00 -4.707150403904236668e-06
-1.608260325406758451e+00 1.689763277677442277e+00 -4.737716553293580546e-06
-1.602002503128911126e+00 1.687568777445086265e+00 -4.768601598259536445e-06
-1.595744680851063801e+00 1.685368554901279126e+00 -4.799809808941901679e-06
-1.589486858573216477e+00 1.683162572596168305e+00 -4.831346186895402184e-06
-1.583229036295369152e+00 1.680950792686207285e+00 -4.863215624428818273e-06
-1.576971214017521827e+00 1.678733176928443038e+00 -4.895422494710643946e-06
-1.570713391739674503e+00 1.676509686674696908e+00 -4.927971951840248721e-06
-1.564455569461827178e+00 1.674280282865636238e+00 -4.960869247616628286e-06
-1.558197747183979853e+00 1.672044926024737199e+00 -4.994119328749491160e-06
-1.551939924906132529e+00 1.669803576252131494e+00 -5.027727317807872964e-06
-1.545682102628285204e+00 1.667556193218340699e+00 -5.061698620023591388e-06
-1.539424280350437879e+00 1.665302736157888486e+00 -5.096038869112362590e-06
-1.533166458072590554e+00 1.663043163862793827e+00 -5.130753408799648696e-06
-1.526908635794743674e+00 1.660777434675940079e+00 -5.165847435817383371e-06
-1.520650813516896349e+00 1.658505506484314607e+00 -5.201327503812080977e-06
-1.514392991239049024e+00 1.656227336712121634e+00 -5.237199135033066000e-06
-1.508135168961201700e+00 1.653942882313760299e+00 -5.273468036692818828e-06
-1.501877346683354375e+00 1.651652099766667048e+00 -5.310140543723917972e-06
-1.495619524405507050e+00 1.649354945064017919e+00 -5.347222980622845512e-06
-1.489361702127659726e+00 1.647051373707289379e+00 -5.384721186496577161e-06
-1.483103879849812401e+00 1.644741340698672172e+00 -5.422641896624114111e-06
-1.476846057571965076e+00 1.642424800533335283e+00 -5.460991957750849224e-06
-1.470588235294117752e+00 1.640101707191538472e+00 -5.499777872897126940e-06
-1.464330413016270427e+00 1.637772014130585374e+00 -5.539006223909126447e-06
-1.458072590738423102e+00 1.635435674276618956e+00 -5.578684116880339161e-06
-1.451814768460575777e+00 1.633092640016248431e+00 -5.618818960329008405e-06
-1.445556946182728453e+00 1.630742863188012093e+00 -5.659417760206508774e-06
-1.439299123904881128e+00 1.628386295073663392e+00 -5.700487828219635844e-06
-1.433041301627033803e+00 1.626022886389283162e+00 -5.742036824241125714e-06
-1.426783479349186479e+00 1.623652587276207315e+00 -5.784072668157946850e-06
-1.420525657071339154e+00 1.621275347291771807e+00 -5.826603004965846822e-06
-1.414267834793491829e+00 1.618891115399864411e+00 -5.869635822275398596e-06
-1.408010012515644505e+00 1.616499839961282881e+00 -5.913179536465307251e-06
-1.401752190237797180e+00 1.614101468723891708e+00 -5.957242346088520435e-06
-1.395494367959949855e+00 1.611695948812573942e+00 -6.001832796975747897e-06
-1.389236545682102530e+00 1.609283226718972504e+00 -6.046959758920777972e-06
-1.382978723404255206e+00 1.606863248291015900e+00 -6.092632086174276651e-06
-1.376720901126407881e+00 1.604435958722221001e+00 -6.138858968274263361e-06
-1.370463078848560556e+00 1.602001302540770000e+00 -6.185649499501622017e-06
-1.364205256570713232e+00 1.599559223598354230e+00 -6.233013181144997361e-06
-1.357947434292865907e+00 1.597109665058777495e+00 -6.280959865989643731e-06
-1.351689612015018582e+00 1.594652569386315388e+00 -6.329499452562004080e-06
-1.345431789737171702e+00 1.592187878333821693e+00 -6.378641895565806408e-06
-1.339173967459324377e+00 1.589715532930576769e+00 -6.428397843816213708e-06
-1.332916145181477052e+00 1.587235473469870151e+00 -6.478777657026313364e-06
-1.326658322903629728e+00 1.584747639496312255e+00 -6.529792100584685954e-06
-1.320400500625782403e+00 1.582251969792862534e+00 -6.581452379972319022e-06
-1.314142678347935078e+00 1.579748402367575189e+00 -6.633769679798007246e-06
-1.307884856070087753e+00 1.577236874440045789e+00 -6.686755560814106047e-06
-1.301627033792240429e+00 1.574717322427557242e+00 -6.740421932827089790e-06
-1.295369211514393104e+00 1.572189681930912908e+00 -6.794780775809527995e-06
-1.289111389236545779e+00 1.569653887719951291e+00 -6.849844392142756533e-06
-1.282853566958698455e+00 1.567109873718730562e+00 -6.905625445474683488e-06
-1.276595744680851130e+00 1.564557572990376677e+00 -6.962136837929122635e-06
-1.270337922403003805e+00 1.561996917721582667e+00 -7.019391834228727589e-06
-1.264080100125156481e+00 1.559427839206752875e+00 -7.077404028388301072e-06
-1.257822277847309156e+00 1.556850267831778156e+00 -7.136187110123870525e-06
-1.251564455569461831e+00 1.554264133057436492e+00 -7.195755260980263301e-06
-1.245306633291614506e+00 1.551669363402402579e+00 -7.256122924959029774e-06
-1.239048811013767182e+00 1.549065886425860850e+00 -7.317305091403270012e-06
-1.232790988735919857e+00 1.546453628709705708e+00 -7.379316943723068789e-06
-1.226533166458072532e+00 1.543832515840322328e+00 -7.442173771687876638e-06
-1.220275344180225208e+00 1.541202472389929801e+00 -7.505891770342998370e-06
-1.214017521902377883e+00 1.538563421897478856e+00 -7.570487126296043812e-06
-1.207759699624530558e+00 1.535915286849089290e+00 -7.635976488451490241e-06
-1.201501877346683234e+00 1.533257988658012216e+00 -7.702377168739005242e-06
-1.195244055068835909e+00 1.530591447644106040e+00 -7.769706411808741109e-06
-1.188986232790988584e+00 1.527915583012809719e+00 -7.837982260783249444e-06
-1.182728410513141259e+00 1.525230312833596891e+00 -7.907223347647374112e-06
-1.176470588235293935e+00 1.522535554017899972e+00 -7.977448252649566030e-06
-1.170212765957447054e+00 1.519831222296483153e+00 -8.048676318539449426e-06
-1.163954943679599729e+00 1.517117232196250276e+00 -8.120927460053550817e-06
-1.157697121401752405e+00 1.514393497016469858e+00 -8.194221946755675390e-06
-1.151439299123905080e+00 1.511659928804400144e+00 -8.268580600434560779e-06
-1.145181476846057755e+00 1.508916438330292209e+00 -8.344024919448855826e-06
-1.138923654568210431e+00 1.506162935061758246e+00 -8.420576623091591273e-06
-1.132665832290363106e+00 1.503399327137477703e+00 -8.498258214029164037e-06
-1.126408010012515781e+00 1.500625521340227086e+00 -8.577092780459594223e-06
-1.120150187734668457e+00 1.497841423069207201e+00 -8.657104119569325462e-06
-1.113892365456821132e+00 1.495046936311648533e+00 -8.738316407352897386e-06
-1.107634543178973807e+00 1.492241963613671452e+00 -8.820754439087252763e-06
-1.101376720901126482e+00 1.489426406050375018e+00 -8.904444046775594757e-06
-1.095118898623279158e+00 1.486600163195131996e+00 -8.989411355075915822e-06
-1.088861076345431833e+00 1.483763133088064734e+00 -9.075683300663328623e-06
-1.082603254067584508e+00 1.480915212203670839e+00 -9.163287675084674788e-06
-1.076345431789737184e+00 1.478056295417577770e+00 -9.252252914038194831e-06
-1.070087609511889859e+00 1.475186275972389716e+00 -9.342608383144934692e-06
-1.063829787234042534e+00 1.472305045442603877e+00 -9.434383932971357467e-06
-1.057571964956195210e+00 1.469412493698560196e+00 -9.527610475013048585e-06
-1.051314142678347885e+00 1.466508508869392768e+00 -9.622319782742749794e-06
-1.045056320400500560e+00 1.463592977304952303e+00 -9.718544500270098752e-06
-1.038798498122653235e+00 1.460665783536660323e+00 -9.816318183641925543e-06
-1.032540675844805911e+00 1.457726810237262249e+00 -9.915675194704931528e-06
-1.026282853566958586e+00 1.454775938179438288e+00 -1.001665110833549477e-05
-1.020025031289111261e+00 1.451813046193235479e+00 -1.011928244443183189e-05
-1.013767209011263937e+00 1.448838011122278058e+00 -1.022360668101462977e-05
-1.007509386733416612e+00 1.445850707778713051e+00 -1.032966246583555403e-05
-1.001251564455569287e+00 1.442851008896848697e+00 -1.043748962037405192e-05
-9.949937421777219626e-01 1.439838785085436168e+00 -1.054712904968724274e-05
-9.887359198998746379e-01 1.436813904778549089e+00 -1.065862279658880141e-05
-9.824780976220273132e-01 1.433776234185008436e+00 -1.077201441979092067e-05
-9.762202753441799885e-01 1.430725637236300862e+00 -1.088734856757866964e-05
-9.699624530663326638e-01 1.427661975532936278e+00 -1.100467127734816586e-05
-9.637046307884853391e-01 1.424585108289186053e+00 -1.112403000624873073e-05
-9.574468085106380144e-01 1.421494892276143229e+00 -1.124547359410144054e-05
-9.511889862327906897e-01 1.418391181763043241e+00 -1.136905263976473179e-05
-9.449311639549433650e-01 1.415273828456776295e+00 -1.149481895668102993e-05
-9.386733416770960403e-01 1.412142681439530145e+00 -1.162282603850428586e-05
-9.324155193992487156e-01 1.408997587104484861e+00 -1.175312935930428182e-05
-9.261576971214013909e-01 1.405838389089490548e+00 -1.188578587241195805e-05
-9.198998748435540662e-01 1.402664928208649853e+00 -1.202085432328026116e-05
-9.136420525657067415e-01 1.399477042381721992e+00 -1.215839553481146140e-05
-9.073842302878594168e-01 1.396274566561265029e+00 -1.229847220929336515e-05
-9.011264080100129803e-01 1.393057332657430702e+00 -1.244114881537861095e-05
-8.948685857321656556e-01 1.389825169460310539e+00 -1.258649250934773534e-05
-8.886107634543183309e-01 1.386577902559748665e+00 -1.273457207573436278e-05
-8.823529411764710062e-01 1.383315354262508512e+00 -1.288545891808823285e-05
-8.760951188986236815e-01 1.380037343506692160e+00 -1.303922684936509313e-05
-8.698372966207763568e-01 1.376743685773301307e+00 -1.319595186677346987e-05
-8.635794743429290321e-01 1.373434192994820835e+00 -1.335571279348357621e-05
-8.573216520650817074e-01 1.370108673460703974e+00 -1.351859115827913627e-05
-8.510638297872343827e-01 1.366766931719629374e+00 -1.368467118245675351e-05
-8.448060075093870580e-01 1.363408768478396205e+00 -1.385404001097434445e-05
-8.385481852315397333e-01 1.360033980497316275e+00 -1.402678781747823678e-05
-8.322903629536924086e-01 1.356642360481952636e+00 -1.420300807697394418e-05
-8.260325406758450839e-01 1.353233696971050337e+00 -1.438279753074311884e-05
-8.197747183979977592e-01 1.349807774220495249e+00 -1.456625630602559340e-05
-8.135168961201504345e-01 1.346364372083127758e+00 -1.475348807211673829e-05
-8.072590738423031098e-01 1.342903265884232589e+00 -1.494460043316436781e-05
-8.010012515644557851e-01 1.339424226292509346e+00 -1.513970492683647251e-05
-7.947434292866084604e-01 1.335927019186329279e+00 -1.533891695881806072e-05
-7.884856070087611357e-01 1.332411405515064207e+00 -1.554235643785872867e-05
-7.822277847309138110e-01 1.328877141155263120e+00 -1.575014780796912817e-05
-7.759699624530664863e-01 1.325323976761447753e+00 -1.596242002954717520e-05
-7.697121401752191616e-01 1.321751657611276665e+00 -1.617930698349923091e-05
-7.634543178973718369e-01 1.318159923444817583e+00 -1.640094783850187810e-05
-7.571964956195245122e-01 1.314548508297655571e+00 -1.662748708319838897e-05
-7.509386733416771875e-01 1.310917140327546360e+00 -1.685907469384240187e-05
-7.446808510638298628e-01 1.307265541634309747e+00 -1.709586677289820500e-05
-7.384230287859825381e-01 1.303593428072638227e+00 -1.733802548375962260e-05
-7.321652065081352134e-01 1.299900509057484221e+00 -1.758571947174658590e-05
-7.259073842302878887e-01 1.296186487361658424e+00 -1.783912425756817299e-05
-7.196495619524405640e-01 1.292451058905266237e+00 -1.809842244515635912e-05
-7.133917396745932393e-01 1.288693912536570174e+00 -1.836380418107630419e-05
-7.071339173967459146e-01 1.284914729803858346e+00 -1.863546740032973048e-05
-7.008760951188985899e-01 1.281113184717860731e+00 -1.891361837569327520e-05
-6.946182728410512652e-01 1.277288943504237828e+00 -1.919847216003134349e-05
-6.883604505632039405e-01 1.273441664345630109e+00 -1.949025283698446742e-05
-6.821026282853566158e-01 1.269570997112732025e+00 -1.978919409517665429e-05
-6.758448060075092911e-01 1.265676583083814588e+00 -2.009553986415113513e-05
-6.695869837296619664e-01 1.261758054652091898e+00 -2.040954470405864640e-05
-6.633291614518146417e-01 1.257815035020283245e+00 -2.073147433856448174e-05
-6.570713391739673170e-01 1.253847137881685558e+00 -2.106160644155252726e-05
-6.508135168961199923e-01 1.249853967087025230e+00 -2.140023121643963577e-05
-6.445556946182726676e-01 1.245835116296312162e+00 -2.174765190110505841e-05
-6.382978723404253429e-01 1.241790168614868461e+00 -2.210418580705919567e-05
-6.320400500625780182e-01 1.237718696212647629e+00 -2.247016483991615132e-05
-6.257822277847306935e-01 1.233620259925908069e+00 -2.284593653412159142e-05
-6.195244055068833688e-01 1.229494408840231312e+00 -2.323186487585005011e-05
-6.132665832290360441e-01 1.225340679853819781e+00 -2.362833117008911188e-05
-6.070087609511887194e-01 1.221158597219925257e+00 -2.403573515796786353e-05
-6.007509386733413947e-01 1.216947672067187014e+00 -2.445449604526750420e-05
-5.944931163954940700e-01 1.212707401896569337e+00 -2.488505384445893753e-05
-5.882352941176467453e-01 1.208437270053499768e+00 -2.532787037745620751e-05
-5.819774718397994206e-01 1.204136745173705059e+00 -2.578343065207100437e-05
-5.757196495619520960e-01 1.199805280601138779e+00 -2.625224453134400449e-05
-5.694618272841047713e-01 1.195442313776272636e+00 -2.673484805693071564e-05
-5.632040050062574466e-01 1.191047265592901860e+00 -2.723180516350787173e-05
-5.569461827284101219e-01 1.186619539721472050e+00 -2.774370952529636725e-05
-5.506883604505627972e-01 1.182158521896789605e+00 -2.827118631842928664e-05
-5.444305381727163606e-01 1.177663579167812946e+00 -2.881489433104178488e-05
-5.381727158948690359e-01 1.173134059107041605e+00 -2.937552861737025012e-05
-5.319148936170217112e-01 1.168569288976838871e+00 -2.995382207693353394e-05
-5.256570713391743865e-01 1.163968574849795212e+00 -3.055054876610618919e-05
-5.193992490613270618e-01 1.159331200680024931e+00 -3.116652640144934594e-05
-5.131414267834797371e-01 1.154656427322032775e+00 -3.180261937019146501e-05
-5.068836045056324124e-01 1.149943491493509384e+00 -3.245974212884306098e-05
-5.006257822277850877e-01 1.145191604678118091e+00 -3.313886265798871023e-05
-4.943679599499377630e-01 1.140399951964002900e+00 -3.384100641357079553e-05
-4.881101376720904383e-01 1.135567690813388708e+00 -3.456726051243030895e-05
-4.818523153942431136e-01 1.130693949758243111e+00 -3.531877816942419201e-05
-4.755944931163957889e-01 1.125777827016536614e+00 -3.609678379157266193e-05
-4.693366708385484642e-01 1.120818389023152450e+00 -3.690257826960419152e-05
-4.630788485607011395e-01 1.115814668868968518e+00 -3.773754493030523349e-05
-4.568210262828538148e-01 1.110765664641045314e+00 -3.860315602688402237e-05
-4.505632040050064901e-01 1.105670337656209812e+00 -3.950097960703224942e-05
-4.443053817271591655e-01 1.100527610579602467e+00 -4.043268735332006258e-05
-4.380475594493118408e-01 1.095336365418961400e+00 -4.140006291453168785e-05
-4.317897371714645161e-01 1.090095441384536956e+00 -4.240501115515549202e-05
-4.255319148936171914e-01 1.084803632603543955e+00 -4.344956840363067840e-05
-4.192740926157698667e-01 1.079459685676968927e+00 -4.453591348418939333e-05
-4.130162703379225420e-01 1.074062297065330629e+00 -4.566638014824597747e-05
-4.067584480600752173e-01 1.068610110288630732e+00 -4.684347058137028341e-05
-4.005006257822278926e-01 1.063101712924210407e+00 -4.806987040906207653e-05
-3.942428035043805679e-01 1.057535633384520057e+00 -4.934846532256287333e-05
-3.879849812265332432e-01 1.051910337454899924e+00 -5.068235941174670245e-05
-3.817271589486859185e-01 1.046224224569312300e+00 -5.207489561276368306e-05
-3.754693366708385938e-01 1.040475623799545390e+00 -5.352967837390920636e-05
-3.692115143929912691e-01 1.034662789530668814e+00 -5.505059896226960348e-05
-3.629536921151439444e-01 1.028783896792430985e+00 -5.664186360410106147e-05
-3.566958698372966197e-01 1.022837036212783213e+00 -5.830802504136478603e-05
-3.504380475594492950e-01 1.016820208555731186e+00 -6.005401776532082181e-05
-3.441802252816019703e-01 1.010731318801193934e+00 -6.188519763106192784e-05
-3.379224030037546456e-01 1.004568169719381787e+00 -6.380738640210381618e-05
-3.316645807259073209e-01 9.983284548863077257e-01 -6.582692184908811583e-05
-3.254067584480599962e-01 9.920097510802855512e-01 -6.795071432585952920e-05
-3.191489361702126715e-01 9.856095099915049840e-01 -7.018631094835026119e-05
-3.128911138923653468e-01 9.791250491678350487e-01 -7.254196820594138728e-05
-3.066332916145180221e-01 9.725535421096910271e-01 -7.502673456205588565e-05
-3.003754693366706974e-01 9.658920074148519275e-01 -7.765054473529708901e-05
-2.941176470588233727e-01 9.591372968602522864e-01 -8.042432729693516080e-05
-2.878598247809760480e-01 9.522860822916242585e-01 -8.336012809573301041e-05
-2.816020025031287233e-01 9.453348411730099210e-01 -8.647125204941374932e-05
-2.753441802252813986e-01 9.382798406260678403e-01 -8.977242664254259097e-05
-2.690863579474340739e-01 9.311171197631203933e-01 -9.327999095265493423e-05
-2.628285356695867492e-01 9.238424700872448492e-01 -9.701211498935879973e-05
-2.565707133917394245e-01 9.164514136964182489e-01 -1.009890549191760911e-04
-2.503128911138920998e-01 9.089391789855970627e-01 -1.052334513522712456e-04
-2.440550688360447751e-01 9.013006734891356730e-01 -1.097706790027519475e-04
-2.377972465581974504e-01 8.935304534442612967e-01 -1.146292582657748582e-04
-2.315394242803501257e-01 8.856226895820737965e-01 -1.198413417904387046e-04
-2.252816020025028010e-01 8.775711285627503244e-01 -1.254432920088088821e-04
-2.190237797246554763e-01 8.693690493625411131e-01 -1.314763698949672488e-04
-2.127659574468081516e-01 8.610092137868943230e-01 -1.379875601276170372e-04
-2.065081351689608269e-01 8.524838101204426088e-01 -1.450305649602912084e-04
-2.002503128911135022e-01 8.437843887225425776e-01 -1.526670075745473198e-04
-1.939924906132670657e-01 8.349017881260665241e-01 -1.609678971686845372e-04
-1.877346683354197410e-01 8.258260498833341900e-01 -1.700154240339424305e-04
-1.814768460575724163e-01 8.165463200081248818e-01 -1.799051722306543866e-04
-1.752190237797250916e-01 8.070507343619466312e-01 -1.907488666434975499e-04
-1.689612015018777669e-01 7.973262846931584713e-01 -2.026778076238411330e-04
-1.627033792240304422e-01 7.873586612137791763e-01 -2.158471993656263521e-04
-1.564455569461831175e-01 7.771320665287189122e-01 -2.304416502473261019e-04
-1.501877346683357928e-01 7.666289943290067743e-01 -2.466822256518286238e-04
-1.439299123904884681e-01 7.558299644022006269e-01 -2.648355795440426874e-04
-1.376720901126411434e-01 7.447132030251880641e-01 -2.852259024279657496e-04
-1.314142678347938187e-01 7.332542544346970503e-01 -3.082507333400652527e-04
-1.251564455569464940e-01 7.214255044484250146e-01 -3.344021468195679248e-04
-1.188986232790991693e-01 7.091955908815222864e-01 -3.642955301865757889e-04
-1.126408010012518446e-01 6.965286663287159064e-01 -3.987092573776163107e-04
-1.063829787234045199e-01 6.833834658598151313e-01 -4.386402929364985326e-04
-1.001251564455571952e-01 6.697121131462551169e-01 -4.853835587369514926e-04
-9.386733416770987048e-02 6.554585701637737349e-01 -5.406475510202346513e-04
-8.760951188986254579e-02 6.405565923589309207e-01 -6.067266665426007677e-04
-8.135168961201522109e-02 6.249269835435131704e-01 -6.867648005548510071e-04
-7.509386733416789639e-02 6.084738360335940621e-01 -7.851706785236833852e-04
-6.883604505632057169e-02 5.910792609483954685e-01 -9.082950114275289977e-04
-6.257822277847324699e-02 5.725958023390593787e-01 -1.065579465292620931e-03
-5.632040050062592229e-02 5.528351688281053500e-01 -1.271600510770132253e-03
-5.006257822277859759e-02 5.315508564621056475e-01 -1.549918140765771390e-03
-4.380475594493127289e-02 5.084101042778660373e-01 -1.940849646265507822e-03
-3.754693366708394819e-02 4.829460037074264633e-01 -2.518629358176316391e-03
-3.128911138923662349e-02 4.544695894927990865e-01 -3.433980603359865214e-03
-2.503128911138929880e-02 4.218921943612719549e-01 -5.038359608502407383e-03
-1.877346683354197410e-02 3.833144971645033872e-01 -8.348122882146036261e-03
-1.251564455569464940e-02 3.348560565731276140e-01 -1.776115022722424275e-02
-6.257822277847324699e-03 2.657754282310528238e-01 -2.365086566286387360e-01
0.000000000000000000e+00 0.000000000000000000e+00 0.000000000000000000e+00
2.500000000000000139e-02 0.000000000000000000e+00 0.000000000000000000e+00
5.000000000000000278e-02 0.000000000000000000e+00 0.000000000000000000e+00
7.500000000000001110e-02 0.000000000000000000e+00 0.000000000000000000e+00
1.000000000000000056e-01 0.000000000000000000e+00 0.000000000000000000e+00
1.250000000000000000e-01 0.000000000000000000e+00 0.000000000000000000e+00
1.500000000000000222e-01 0.000000000000000000e+00 0.000000000000000000e+00
1.750000000000000167e-01 0.000000000000000000e+00 0.000000000000000000e+00
2.000000000000000111e-01 0.000000000000000000e+00 0.000000000000000000e+00
2.250000000000000056e-01 0.000000000000000000e+00 0.000000000000000000e+00
2.500000000000000000e-01 0.000000000000000000e+00 0.000000000000000000e+00
2.750000000000000222e-01 0.000000000000000000e+00 0.000000000000000000e+00
3.000000000000000444e-01 0.000000000000000000e+00 0.000000000000000000e+00
3.250000000000000111e-01 0.000000000000000000e+00 0.000000000000000000e+00
3.500000000000000333e-01 0.000000000000000000e+00 0.000000000000000000e+00
3.750000000000000000e-01 0.000000000000000000e+00 0.000000000000000000e+00
4.000000000000000222e-01 0.000000000000000000e+00 0.000000000000000000e+00
4.250000000000000444e-01 0.000000000000000000e+00 0.000000000000000000e+00
4.500000000000000111e-01 0.000000000000000000e+00 0.000000000000000000e+00
4.750000000000000333e-01 0.000000000000000000e+00 0.000000000000000000e+00
5.000000000000000000e-01 0.000000000000000000e+00 0.000000000000000000e+00
5.250000000000000222e-01 0.000000000000000000e+00 0.000000000000000000e+00
5.500000000000000444e-01 0.000000000000000000e+00 0.000000000000000000e+00
5.750000000000000666e-01 0.000000000000000000e+00 0.000000000000000000e+00
6.000000000000000888e-01 0.000000000000000000e+00 0.000000000000000000e+00
6.250000000000000000e-01 0.000000000000000000e+00 0.000000000000000000e+00
6.500000000000000222e-01 0.000000000000000000e+00 0.000000000000000000e+00
6.750000000000000444e-01 0.000000000000000000e+00 0.000000000000000000e+00
7.000000000000000666e-01 0.000000000000000000e+00 0.000000000000000000e+00
7.250000000000000888e-01 0.000000000000000000e+00 0.000000000000000000e+00
7.500000000000000000e-01 0.000000000000000000e+00 0.000000000000000000e+00
7.750000000000000222e-01 0.000000000000000000e+00 0.000000000000000000e+00
8.000000000000000444e-01 0.000000000000000000e+00 0.000000000000000000e+00
8.250000000000000666e-01 0.000000000000000000e+00 0.000000000000000000e+00
8.500000000000000888e-01 0.000000000000000000e+00 0.000000000000000000e+00
8.750000000000000000e-01 0.000000000000000000e+00 0.000000000000000000e+00
9.000000000000000222e-01 0.000000000000000000e+00 0.000000000000000000e+00
9.250000000000000444e-01 0.000000000000000000e+00 0.000000000000000000e+00
9.500000000000000666e-01 0.000000000000000000e+00 0.000000000000000000e+00
9.750000000000000888e-01 0.000000000000000000e+00 0.000000000000000000e+00
1.000000000000000000e+00 0.000000000000000000e+00 0.000000000000000000e+00
1.025000000000000133e+00 0.000000000000000000e+00 0.000000000000000000e+00
1.050000000000000044e+00 0.000000000000000000e+00 0.000000000000000000e+00
1.074999999999999956e+00 0.000000000000000000e+00 0.000000000000000000e+00
1.100000000000000089e+00 0.000000000000000000e+00 0.000000000000000000e+00
1.125000000000000000e+00 0.000000000000000000e+00 0.000000000000000000e+00
1.150000000000000133e+00 0.000000000000000000e+00 0.000000000000000000e+00
1.175000000000000044e+00 0.000000000000000000e+00 0.000000000000000000e+00
1.200000000000000178e+00 0.000000000000000000e+00 0.000000000000000000e+00
1.225000000000000089e+00 0.000000000000000000e+00 0.000000000000000000e+00
1.250000000000000000e+00 0.000000000000000000e+00 0.000000000000000000e+00
1.275000000000000133e+00 0.000000000000000000e+00 0.000000000000000000e+00
1.300000000000000044e+00 0.000000000000000000e+00 0.000000000000000000e+00
1.325000000000000178e+00 0.000000000000000000e+00 0.000000000000000000e+00
1.350000000000000089e+00 0.000000000000000000e+00 0.000000000000000000e+00
1.375000000000000000e+00 0.000000000000000000e+00 0.000000000000000000e+00
1.400000000000000133e+00 0.000000000000000000e+00 0.000000000000000000e+00
1.425000000000000044e+00 0.000000000000000000e+00 0.000000000000000000e+00
1.450000000000000178e+00 0.000000000000000000e+00 0.000000000000000000e+00
1.475000000000000089e+00 0.000000000000000000e+00 0.000000000000000000e+00
1.500000000000000000e+00 0.000000000000000000e+00 0.000000000000000000e+00
1.525000000000000133e+00 0.000000000000000000e+00 0.000000000000000000e+00
1.550000000000000044e+00 0.000000000000000000e+00 0.000000000000000000e+00
1.575000000000000178e+00 0.000000000000000000e+00 0.000000000000000000e+00
1.600000000000000089e+00 0.000000000000000000e+00 0.000000000000000000e+00
1.625000000000000000e+00 0.000000000000000000e+00 0.000000000000000000e+00
1.650000000000000133e+00 0.000000000000000000e+00 0.000000000000000000e+00
1.675000000000000044e+00 0.000000000000000000e+00 0.000000000000000000e+00
1.700000000000000178e+00 0.000000000000000000e+00 0.000000000000000000e+00
1.725000000000000089e+00 0.000000000000000000e+00 0.000000000000000000e+00
1.750000000000000000e+00 0.000000000000000000e+00 0.000000000000000000e+00
1.775000000000000133e+00 0.000000000000000000e+00 0.000000000000000000e+00
1.800000000000000044e+00 0.000000000000000000e+00 0.000000000000000000e+00
1.825000000000000178e+00 0.000000000000000000e+00 0.000000000000000000e+00
1.850000000000000089e+00 0.000000000000000000e+00 0.000000000000000000e+00
1.875000000000000000e+00 0.000000000000000000e+00 0.000000000000000000e+00
1.900000000000000133e+00 0.000000000000000000e+00 0.000000000000000000e+00
1.925000000000000044e+00 0.000000000000000000e+00 0.000000000000000000e+00
1.950000000000000178e+00 0.000000000000000000e+00 0.000000000000000000e+00
1.975000000000000089e+00 0.000000000000000000e+00 0.000000000000000000e+00
2.000000000000000000e+00 0.000000000000000000e+00 0.000000000000000000e+00
2.024999999999999911e+00 0.000000000000000000e+00 0.000000000000000000e+00
2.050000000000000266e+00 0.000000000000000000e+00 0.000000000000000000e+00
2.075000000000000178e+00 0.000000000000000000e+00 0.000000000000000000e+00
2.100000000000000089e+00 0.000000000000000000e+00 0.000000000000000000e+00
2.125000000000000000e+00 0.000000000000000000e+00 0.000000000000000000e+00
2.149999999999999911e+00 0.000000000000000000e+00 0.000000000000000000e+00
2.175000000000000266e+00 0.000000000000000000e+00 0.000000000000000000e+00
2.200000000000000178e+00 0.000000000000000000e+00 0.000000000000000000e+00
2.225000000000000089e+00 0.000000000000000000e+00 0.000000000000000000e+00
2.250000000000000000e+00 0.000000000000000000e+00 0.000000000000000000e+00
2.274999999999999911e+00 0.000000000000000000e+00 0.000000000000000000e+00
2.300000000000000266e+00 0.000000000000000000e+00 0.000000000000000000e+00
2.325000000000000178e+00 0.000000000000000000e+00 0.000000000000000000e+00
2.350000000000000089e+00 0.000000000000000000e+00 0.000000000000000000e+00
2.375000000000000000e+00 0.000000000000000000e+00 0.000000000000000000e+00
2.400000000000000355e+00 0.000000000000000000e+00 0.000000000000000000e+00
2.425000000000000266e+00 0.000000000000000000e+00 0.000000000000000000e+00
2.450000000000000178e+00 0.000000000000000000e+00 0.000000000000000000e+00
2.475000000000000089e+00 0.000000000000000000e+00 0.000000000000000000e+00
2.500000000000000000e+00 0.000000000000000000e+00 0.000000000000000000e+00
2.525000000000000355e+00 0.000000000000000000e+00 0.000000000000000000e+00
2.550000000000000266e+00 0.000000000000000000e+00 0.000000000000000000e+00
2.575000000000000178e+00 0.000000000000000000e+00 0.000000000000000000e+00
2.600000000000000089e+00 0.000000000000000000e+00 0.000000000000000000e+00
2.625000000000000000e+00 0.000000000000000000e+00 0.000000000000000000e+00
2.650000000000000355e+00 0.000000000000000000e+00 0.000000000000000000e+00
2.675000000000000266e+00 0.000000000000000000e+00 0.000000000000000000e+00
2.700000000000000178e+00 0.000000000000000000e+00 0.000000000000000000e+00
2.725000000000000089e+00 0.000000000000000000e+00 0.000000000000000000e+00
2.750000000000000000e+00 0.000000000000000000e+00 0.000000000000000000e+00
2.775000000000000355e+00 0.000000000000000000e+00 0.000000000000000000e+00
2.800000000000000266e+00 0.000000000000000000e+00 0.000000000000000000e+00
2.825000000000000178e+00 0.000000000000000000e+00 0.000000000000000000e+00
2.850000000000000089e+00 0.000000000000000000e+00 0.000000000000000000e+00
2.875000000000000000e+00 0.000000000000000000e+00 0.000000000000000000e+00
2.900000000000000355e+00 0.000000000000000000e+00 0.000000000000000000e+00
2.925000000000000266e+00 0.000000000000000000e+00 0.000000000000000000e+00
2.950000000000000178e+00 0.000000000000000000e+00 0.000000000000000000e+00
2.975000000000000089e+00 0.000000000000000000e+00 0.000000000000000000e+00
3.000000000000000000e+00 0.000000000000000000e+00 0.000000000000000000e+00
3.025000000000000355e+00 0.000000000000000000e+00 0.000000000000000000e+00
3.050000000000000266e+00 0.000000000000000000e+00 0.000000000000000000e+00
3.075000000000000178e+00 0.000000000000000000e+00 0.000000000000000000e+00
3.100000000000000089e+00 0.000000000000000000e+00 0.000000000000000000e+00
3.125000000000000000e+00 0.000000000000000000e+00 0.000000000000000000e+00
3.150000000000000355e+00 0.000000000000000000e+00 0.000000000000000000e+00
3.175000000000000266e+00 0.000000000000000000e+00 0.000000000000000000e+00
3.200000000000000178e+00 0.000000000000000000e+00 0.000000000000000000e+00
3.225000000000000089e+00 0.000000000000000000e+00 0.000000000000000000e+00
3.250000000000000000e+00 0.000000000000000000e+00 0.000000000000000000e+00
3.275000000000000355e+00 0.000000000000000000e+00 0.000000000000000000e+00
3.300000000000000266e+00 0.000000000000000000e+00 0.000000000000000000e+00
3.325000000000000178e+00 0.000000000000000000e+00 0.000000000000000000e+00
3.350000000000000089e+00 0.000000000000000000e+00 0.000000000000000000e+00
3.375000000000000000e+00 0.000000000000000000e+00 0.000000000000000000e+00
3.400000000000000355e+00 0.000000000000000000e+00 0.000000000000000000e+00
3.425000000000000266e+00 0.000000000000000000e+00 0.000000000000000000e+00
3.450000000000000178e+00 0.000000000000000000e+00 0.000000000000000000e+00
3.475000000000000089e+00 0.000000000000000000e+00 0.000000000000000000e+00
3.500000000000000000e+00 0.000000000000000000e+00 0.000000000000000000e+00
3.525000000000000355e+00 0.000000000000000000e+00 0.000000000000000000e+00
3.550000000000000266e+00 0.000000000000000000e+00 0.000000000000000000e+00
3.575000000000000178e+00 0.000000000000000000e+00 0.000000000000000000e+00
3.600000000000000089e+00 0.000000000000000000e+00 0.000000000000000000e+00
3.625000000000000000e+00 0.000000000000000000e+00 0.000000000000000000e+00
3.650000000000000355e+00 0.000000000000000000e+00 0.000000000000000000e+00
3.675000000000000266e+00 0.000000000000000000e+00 0.000000000000000000e+00
3.700000000000000178e+00 0.000000000000000000e+00 0.000000000000000000e+00
3.725000000000000089e+00 0.000000000000000000e+00 0.000000000000000000e+00
3.750000000000000000e+00 0.000000000000000000e+00 0.000000000000000000e+00
3.775000000000000355e+00 0.000000000000000000e+00 0.000000000000000000e+00
3.800000000000000266e+00 0.000000000000000000e+00 0.000000000000000000e+00
3.825000000000000178e+00 0.000000000000000000e+00 0.000000000000000000e+00
3.850000000000000089e+00 0.000000000000000000e+00 0.000000000000000000e+00
3.875000000000000000e+00 0.000000000000000000e+00 0.000000000000000000e+00
3.900000000000000355e+00 0.000000000000000000e+00 0.000000000000000000e+00
3.925000000000000266e+00 0.000000000000000000e+00 0.000000000000000000e+00
3.950000000000000178e+00 0.000000000000000000e+00 0.000000000000000000e+00
3.975000000000000089e+00 0.000000000000000000e+00 0.000000000000000000e+00
4.000000000000000000e+00 0.000000000000000000e+00 0.000000000000000000e+00
4.025000000000000355e+00 0.000000000000000000e+00 0.000000000000000000e+00
4.049999999999999822e+00 0.000000000000000000e+00 0.000000000000000000e+00
4.075000000000000178e+00 0.000000000000000000e+00 0.000000000000000000e+00
4.100000000000000533e+00 0.000000000000000000e+00 0.000000000000000000e+00
4.125000000000000000e+00 0.000000000000000000e+00 0.000000000000000000e+00
4.150000000000000355e+00 0.000000000000000000e+00 0.000000000000000000e+00
4.174999999999999822e+00 0.000000000000000000e+00 0.000000000000000000e+00
4.200000000000000178e+00 0.000000000000000000e+00 0.000000000000000000e+00
4.225000000000000533e+00 0.000000000000000000e+00 0.000000000000000000e+00
4.250000000000000000e+00 0.000000000000000000e+00 0.000000000000000000e+00
4.275000000000000355e+00 0.000000000000000000e+00 0.000000000000000000e+00
4.299999999999999822e+00 0.000000000000000000e+00 0.000000000000000000e+00
4.325000000000000178e+00 0.000000000000000000e+00 0.000000000000000000e+00
4.350000000000000533e+00 0.000000000000000000e+00 0.000000000000000000e+00
4.375000000000000000e+00 0.000000000000000000e+00 0.000000000000000000e+00
4.400000000000000355e+00 0.000000000000000000e+00 0.000000000000000000e+00
4.424999999999999822e+00 0.000000000000000000e+00 0.000000000000000000e+00
4.450000000000000178e+00 0.000000000000000000e+00 0.000000000000000000e+00
4.475000000000000533e+00 0.000000000000000000e+00 0.000000000000000000e+00
4.500000000000000000e+00 0.000000000000000000e+00 0.000000000000000000e+00
4.525000000000000355e+00 0.000000000000000000e+00 0.000000000000000000e+00
4.549999999999999822e+00 0.000000000000000000e+00 0.000000000000000000e+00
4.575000000000000178e+00 0.000000000000000000e+00 0.000000000000000000e+00
4.600000000000000533e+00 0.000000000000000000e+00 0.000000000000000000e+00
4.625000000000000000e+00 0.000000000000000000e+00 0.000000000000000000e+00
4.650000000000000355e+00 0.000000000000000000e+00 0.000000000000000000e+00
4.674999999999999822e+00 0.000000000000000000e+00 0.000000000000000000e+00
4.700000000000000178e+00 0.000000000000000000e+00 0.000000000000000000e+00
4.725000000000000533e+00 0.000000000000000000e+00 0.000000000000000000e+00
4.750000000000000000e+00 0.000000000000000000e+00 0.000000000000000000e+00
4.775000000000000355e+00 0.000000000000000000e+00 0.000000000000000000e+00
4.800000000000000711e+00 0.000000000000000000e+00 0.000000000000000000e+00
4.825000000000000178e+00 0.000000000000000000e+00 0.000000000000000000e+00
4.850000000000000533e+00 0.000000000000000000e+00 0.000000000000000000e+00
4.875000000000000000e+00 0.000000000000000000e+00 0.000000000000000000e+00
4.900000000000000355e+00 0.000000000000000000e+00 0.000000000000000000e+00
4.925000000000000711e+00 0.000000000000000000e+00 0.000000000000000000e+00
4.950000000000000178e+00 0.000000000000000000e+00 0.000000000000000000e+00
4.975000000000000533e+00 0.000000000000000000e+00 0.000000000000000000e+00
5.000000000000000000e+00 0.000000000000000000e+00 0.000000000000000000e+00
