# Traveling wave profile for m=3, c=1.0
# xi f residual
-5.000000000000000000e+00 2.466212074330469850e+00 4.440892098500626162e-16
-4.949494949494949836e+00 2.457880213277561676e+00 0.000000000000000000e+00
-4.898989898989898784e+00 2.449491478352538554e+00 0.000000000000000000e+00
-4.848484848484848619e+00 2.441044888940569813e+00 0.000000000000000000e+00
-4.797979797979797567e+00 2.432539437091410850e+00 0.000000000000000000e+00
-4.747474747474747403e+00 2.423974086460581212e+00 0.000000000000000000e+00
-4.696969696969697239e+00 2.415347771197779547e+00 0.000000000000000000e+00
-4.646464646464646187e+00 2.406659394779318006e+00 4.440892098500626162e-16
-4.595959595959596022e+00 2.397907828781113970e+00 4.440892098500626162e-16
-4.545454545454545858e+00 2.389091911588519856e+00 0.000000000000000000e+00
-4.494949494949494806e+00 2.380210447039001309e+00 0.000000000000000000e+00
-4.444444444444444642e+00 2.371262202993375201e+00 -4.440892098500626162e-16
-4.393939393939393590e+00 2.362245909830981372e+00 0.000000000000000000e+00
-4.343434343434343425e+00 2.353160258863821852e+00 0.000000000000000000e+00
-4.292929292929293261e+00 2.344003900664301199e+00 0.000000000000000000e+00
-4.242424242424242209e+00 2.334775443300789455e+00 0.000000000000000000e+00
-4.191919191919192045e+00 2.325473450474759396e+00 0.000000000000000000e+00
-4.141414141414141881e+00 2.316096439552755015e+00 4.440892098500626162e-16
-4.090909090909090828e+00 2.306642879485887310e+00 4.440892098500626162e-16
-4.040404040404040664e+00 2.297111188608965016e+00 0.000000000000000000e+00
-3.989898989898989612e+00 2.287499732310683598e+00 0.000000000000000000e+00
-3.939393939393939448e+00 2.277806820565599466e+00 0.000000000000000000e+00
-3.888888888888888840e+00 2.268030705317789053e+00 0.000000000000000000e+00
-3.838383838383838231e+00 2.258169577705241515e+00 0.000000000000000000e+00
-3.787878787878788067e+00 2.248221565113045717e+00 0.000000000000000000e+00
-3.737373737373737459e+00 2.238184728042383664e+00 0.000000000000000000e+00
-3.686868686868686851e+00 2.228057056781157286e+00 -4.440892098500626162e-16
-3.636363636363636687e+00 2.217836467860776484e+00 0.000000000000000000e+00
-3.585858585858585634e+00 2.207520800282198881e+00 0.000000000000000000e+00
-3.535353535353535470e+00 2.197107811492717833e+00 0.000000000000000000e+00
-3.484848484848484862e+00 2.186595173093216271e+00 0.000000000000000000e+00
-3.434343434343434254e+00 2.175980466253643719e+00 -4.440892098500626162e-16
-3.383838383838384090e+00 2.165261176812276922e+00 0.000000000000000000e+00
-3.333333333333333037e+00 2.154434690031883814e+00 0.000000000000000000e+00
-3.282828282828282873e+00 2.143498284983172741e+00 0.000000000000000000e+00
-3.232323232323232265e+00 2.132449128522869941e+00 0.000000000000000000e+00
-3.181818181818181657e+00 2.121284268830326170e+00 0.000000000000000000e+00
-3.131313131313131493e+00 2.110000628462739947e+00 -4.440892098500626162e-16
-3.080808080808080884e+00 2.098594996884740382e+00 0.000000000000000000e+00
-3.030303030303030276e+00 2.087064022423231524e+00 0.000000000000000000e+00
-2.979797979797979668e+00 2.075404203592897456e+00 0.000000000000000000e+00
-2.929292929292929504e+00 2.063611879731570120e+00 4.440892098500626162e-16
-2.878787878787878896e+00 2.051683220877625669e+00 4.440892098500626162e-16
-2.828282828282828287e+00 2.039614216813601999e+00 0.000000000000000000e+00
-2.777777777777777679e+00 2.027400665191133378e+00 0.000000000000000000e+00
-2.727272727272727515e+00 2.015038158641956123e+00 0.000000000000000000e+00
-2.676767676767676907e+00 2.002522070767899010e+00 -4.440892098500626162e-16
-2.626262626262626299e+00 1.989847540889207567e+00 2.220446049250313081e-16
-2.575757575757575690e+00 1.977009457414988347e+00 -2.220446049250313081e-16
-2.525252525252525082e+00 1.964002439681623580e+00 0.000000000000000000e+00
-2.474747474747474918e+00 1.950820818084311847e+00 0.000000000000000000e+00
-2.424242424242424310e+00 1.937458612302928485e+00 2.220446049250313081e-16
-2.373737373737373701e+00 1.923909507395590968e+00 0.000000000000000000e+00
-2.323232323232323093e+00 1.910166827500919817e+00 0.000000000000000000e+00
-2.272727272727272929e+00 1.896223506852166452e+00 -2.220446049250313081e-16
-2.222222222222222321e+00 1.882072057762056883e+00 2.220446049250313081e-16
-2.171717171717171713e+00 1.867704535185095827e+00 -2.220446049250313081e-16
-2.121212121212121104e+00 1.853112497402596315e+00 0.000000000000000000e+00
-2.070707070707070940e+00 1.838286962302922323e+00 0.000000000000000000e+00
-2.020202020202020332e+00 1.823218358642896053e+00 0.000000000000000000e+00
-1.969696969696969724e+00 1.807896471573086083e+00 -2.220446049250313081e-16
-1.919191919191919116e+00 1.792310381585942691e+00 2.220446049250313081e-16
-1.868686868686868952e+00 1.776448395896819354e+00 -2.220446049250313081e-16
-1.818181818181818343e+00 1.760297971087816160e+00 0.000000000000000000e+00
-1.767676767676767735e+00 1.743845625625544349e+00 2.220446049250313081e-16
-1.717171717171717127e+00 1.727076840596643681e+00 0.000000000000000000e+00
-1.666666666666666519e+00 1.709975946676696834e+00 2.220446049250313081e-16
-1.616161616161616355e+00 1.692525994942937206e+00 0.000000000000000000e+00
-1.565656565656565746e+00 1.674708608637657692e+00 0.000000000000000000e+00
-1.515151515151515138e+00 1.656503812359809924e+00 0.000000000000000000e+00
-1.464646464646464530e+00 1.637889834369983699e+00 0.000000000000000000e+00
-1.414141414141414366e+00 1.618842876689603694e+00 2.220446049250313081e-16
-1.363636363636363757e+00 1.599336846392152678e+00 -2.220446049250313081e-16
-1.313131313131313149e+00 1.579343039831931472e+00 -2.220446049250313081e-16
-1.262626262626262541e+00 1.558829769409359800e+00 0.000000000000000000e+00
-1.212121212121212377e+00 1.537761919657258503e+00 0.000000000000000000e+00
-1.161616161616161769e+00 1.516100415704859206e+00 -2.220446049250313081e-16
-1.111111111111111160e+00 1.493801582185721566e+00 -2.220446049250313081e-16
-1.060606060606060552e+00 1.470816363896149337e+00 0.000000000000000000e+00
-1.010101010101010388e+00 1.447089370238733741e+00 0.000000000000000000e+00
-1.000000000000000000e+00 1.442249570307408302e+00 2.220446049250313081e-16
-9.595959595959593358e-01 1.422557692591525091e+00 0.000000000000000000e+00
-9.115888299750818380e-01 1.398427910485673165e+00 0.000000000000000000e+00
-9.090909090909091717e-01 1.397149425541143186e+00 0.000000000000000000e+00
-8.585858585858590075e-01 1.370781796796513463e+00 0.000000000000000000e+00
-8.309941949353403245e-01 1.355937738576341145e+00 0.000000000000000000e+00
-8.080808080808079552e-01 1.343358772427970749e+00 0.000000000000000000e+00
-7.575757575757577911e-01 1.314767947164647621e+00 -2.220446049250313081e-16
-7.575250258771920597e-01 1.314738598328595742e+00 -2.220446049250313081e-16
-7.070707070707067388e-01 1.284876442714151246e+00 -2.220446049250313081e-16
-6.905513520162330776e-01 1.274791262724134011e+00 0.000000000000000000e+00
-6.565656565656565746e-01 1.253525401423930985e+00 0.000000000000000000e+00
-6.294988990221888070e-01 1.236057696627865354e+00 -2.220446049250313081e-16
-6.060606060606064105e-01 1.220522444470285128e+00 0.000000000000000000e+00
-5.738441648302392561e-01 1.198501020573443876e+00 0.000000000000000000e+00
-5.555555555555553582e-01 1.185631101496687378e+00 0.000000000000000000e+00
-5.231099308056258446e-01 1.162085475649150546e+00 0.000000000000000000e+00
-5.050505050505051940e-01 1.148555594304482508e+00 0.000000000000000000e+00
-4.768611697714474351e-01 1.126776389450691029e+00 0.000000000000000000e+00
-4.545454545454550299e-01 1.108918233930388464e+00 0.000000000000000000e+00
-4.347013158125026533e-01 1.092540143068487790e+00 2.220446049250313081e-16
-4.040404040404039776e-01 1.066224564261434971e+00 0.000000000000000000e+00
-3.962688638701478139e-01 1.059344139078046254e+00 -2.220446049250313081e-16
-3.612342699709430449e-01 1.027156770502902772e+00 -2.220446049250313081e-16
-3.535353535353538135e-01 1.019807108406801222e+00 -2.220446049250313081e-16
-3.292971255097147942e-01 9.959473907206113363e-01 0.000000000000000000e+00
-3.030303030303027612e-01 9.687293061514640202e-01 -1.110223024625156540e-16
-3.001835813575592371e-01 9.656862842831173133e-01 1.110223024625156540e-16
-2.736439997074671671e-01 9.363446386237254115e-01 0.000000000000000000e+00
-2.525252525252525970e-01 9.116091793214481376e-01 0.000000000000000000e+00
-2.494508135230316670e-01 9.078945166237384345e-01 -1.110223024625156540e-16
-2.273965752357927639e-01 8.803088300126312715e-01 -1.110223024625156540e-16
-2.072921779595369718e-01 8.535613135764426040e-01 0.000000000000000000e+00
-2.020202020202024329e-01 8.462629974714690473e-01 0.000000000000000000e+00
-1.889652339691211547e-01 8.276265001498267493e-01 1.110223024625156540e-16
-1.722585965398787389e-01 8.024796963679482475e-01 0.000000000000000000e+00
-1.570290124729377401e-01 7.780969591551437636e-01 0.000000000000000000e+00
-1.515151515151513806e-01 7.688809598286289182e-01 -1.110223024625156540e-16
-1.431458937523478470e-01 7.544550729279524415e-01 -1.110223024625156540e-16
-1.304901978014401664e-01 7.315315274908168464e-01 0.000000000000000000e+00
-1.189534067370320719e-01 7.093044966034071086e-01 0.000000000000000000e+00
-1.084365968689610937e-01 6.877528171991577066e-01 0.000000000000000000e+00
-1.010101010101012164e-01 6.716793862139859295e-01 0.000000000000000000e+00
-9.884959046625586832e-02 6.668559692352387103e-01 0.000000000000000000e+00
-9.011018251665019185e-02 6.465940561547642851e-01 -1.110223024625156540e-16
-8.214343584919421570e-02 6.269477859426465516e-01 0.000000000000000000e+00
-7.488103857590031054e-02 6.078984527570507890e-01 0.000000000000000000e+00
-6.826071834272393057e-02 5.894279191189644163e-01 0.000000000000000000e+00
-6.222570836730231120e-02 5.715185986429256459e-01 -1.110223024625156540e-16
-5.672426068491977919e-02 5.541534392924625241e-01 0.000000000000000000e+00
-5.170920242896755170e-02 5.373159071443038837e-01 0.000000000000000000e+00
-5.050505050505016413e-02 5.331122821307163751e-01 0.000000000000000000e+00
-4.713753134116728527e-02 5.209899706459033553e-01 0.000000000000000000e+00
-4.297004704320844110e-02 5.051600853512837608e-01 0.000000000000000000e+00
-3.917101490809260511e-02 4.898111791206760657e-01 0.000000000000000000e+00
-3.570785964900462933e-02 4.749286377698512251e-01 -5.551115123125782702e-17
-3.255088599835056357e-02 4.604982911554892366e-01 0.000000000000000000e+00
-2.967302408188872420e-02 4.465063996833326110e-01 0.000000000000000000e+00
-2.704959730463137035e-02 4.329396412262784821e-01 0.000000000000000000e+00
-2.465811075822603796e-02 4.197850984399573160e-01 0.000000000000000000e+00
-2.247805833548725124e-02 4.070302464637154394e-01 -5.551115123125782702e-17
-2.049074689815846145e-02 3.946629409952949197e-01 0.000000000000000000e+00
-1.867913599020784576e-02 3.826714067278554898e-01 0.000000000000000000e+00
-1.702769172225901406e-02 3.710442261383278262e-01 0.000000000000000000e+00
-1.552225357427047987e-02 3.597703286164258829e-01 0.000000000000000000e+00
-1.414991297434575919e-02 3.488389799239644540e-01 5.551115123125782702e-17
-1.289890261253308010e-02 3.382397719744479336e-01 0.000000000000000000e+00
-1.175849554052158137e-02 3.279626129231986154e-01 5.551115123125782702e-17
-1.071891319205128638e-02 3.179977175585880778e-01 0.000000000000000000e+00
-9.771241535346501458e-03 3.083355979852256956e-01 0.000000000000000000e+00
-8.907354638610439843e-03 2.989670545902292642e-01 0.000000000000000000e+00
-8.119844993184008319e-03 2.898831672839798368e-01 5.551115123125782702e-17
-7.401959996915637337e-03 2.810752870070191145e-01 0.000000000000000000e+00
-6.747544053110700150e-03 2.725350274950036900e-01 0.000000000000000000e+00
-6.150985788580504154e-03 2.642542572938742507e-01 -5.551115123125782702e-17
-5.607169938205458157e-03 2.562250920176389890e-01 0.000000000000000000e+00
-5.111433483440165799e-03 2.484398868413972006e-01 2.775557561562891351e-17
-4.659525668664677746e-03 2.408912292224570928e-01 0.000000000000000000e+00
-4.247571552536902849e-03 2.335719318426174029e-01 -2.775557561562891351e-17
-3.872038781812556923e-03 2.264750257648911469e-01 0.000000000000000000e+00
-3.529707302730649993e-03 2.195937537981590693e-01 0.000000000000000000e+00
-3.217641750250735486e-03 2.129215640634311568e-01 -2.775557561562891351e-17
-2.933166278390042427e-03 2.064521037555936411e-01 2.775557561562891351e-17
-2.673841615839949500e-03 2.001792130947001314e-01 0.000000000000000000e+00
-2.437444150122221927e-03 1.940969194610477899e-01 0.000000000000000000e+00
-2.221946860939523916e-03 1.881994317084559609e-01 0.000000000000000000e+00
-2.025501939230666629e-03 1.824811346503302789e-01 0.000000000000000000e+00
-1.846424942895542615e-03 1.769365837132642338e-01 0.000000000000000000e+00
-1.683180353330958291e-03 1.715604997530867926e-01 0.000000000000000000e+00
-1.534368408930013262e-03 1.663477640284200532e-01 0.000000000000000000e+00
-1.398713102647238578e-03 1.612934133269627590e-01 2.775557561562891351e-17
-1.275051240713012809e-03 1.563926352398566921e-01 -2.775557561562891351e-17
-1.162322468679851794e-03 1.516407635796384601e-01 0.000000000000000000e+00
-1.059560179277617030e-03 1.470332739374133613e-01 0.000000000000000000e+00
-9.658832241158708896e-04 1.425657793750208235e-01 0.000000000000000000e+00
-8.804883581643465056e-04 1.382340262480907245e-01 2.775557561562891351e-17
-8.026433522257173624e-04 1.340338901560123586e-01 -2.775557561562891351e-17
-7.316807143427192690e-04 1.299613720149608853e-01 0.000000000000000000e+00
-6.669919663030128912e-04 1.260125942502418606e-01 0.000000000000000000e+00
-6.080224261649426910e-04 1.221837971043280291e-01 1.387778780781445676e-17
-5.542664520663106911e-04 1.184713350570746199e-01 -1.387778780781445676e-17
-5.052631065335679277e-04 1.148716733547026914e-01 0.000000000000000000e+00
-4.605922041145103524e-04 1.113813846442471833e-01 0.000000000000000000e+00
-4.198707084443914516e-04 1.079971457102646276e-01 0.000000000000000000e+00
-3.827494478516315301e-04 1.047157343106932953e-01 0.000000000000000000e+00
-3.489101213406773793e-04 1.015340261088539114e-01 -1.387778780781445676e-17
-3.180625692794118915e-04 9.844899169866855315e-02 1.387778780781445676e-17
-2.899422853882875021e-04 9.545769372026642607e-02 -1.387778780781445676e-17
-2.643081486974108206e-04 9.255728406322960566e-02 1.387778780781445676e-17
-2.409403560239527036e-04 8.974500115481587326e-02 0.000000000000000000e+00
-2.196385372416547008e-04 8.701816733057744779e-02 -1.387778780781445676e-17
-2.002200371815584547e-04 8.437418628487076966e-02 0.000000000000000000e+00
-1.825183494319042592e-04 8.181054059883098584e-02 0.000000000000000000e+00
-1.663816886076127221e-04 7.932478934345699173e-02 0.000000000000000000e+00
-1.516716888470924095e-04 7.691456575552499397e-02 1.387778780781445676e-17
-1.382622173764656490e-04 7.457757498411730912e-02 0.000000000000000000e+00
-1.260382929679727457e-04 7.231159190562184980e-02 0.000000000000000000e+00
-1.148951000187308635e-04 7.011445900512051910e-02 0.000000000000000000e+00
-1.047370897959448602e-04 6.798408432215043151e-02 0.000000000000000000e+00
-9.547716114208065730e-05 6.591843945888146983e-02 0.000000000000000000e+00
-8.703591361485165528e-05 6.391555764881370894e-02 0.000000000000000000e+00
-7.934096665797492082e-05 6.197353188415646169e-02 6.938893903907228378e-18
-7.232633896483533814e-05 6.009051310010502661e-02 6.938893903907228378e-18
-6.593188271333541236e-05 5.826470841428697811e-02 0.000000000000000000e+00
-6.010276782070387642e-05 5.649437941970165966e-02 0.000000000000000000e+00
-5.478901179593944910e-05 5.477784052952710397e-02 -6.938893903907228378e-18
-4.994505115855139794e-05 5.311345737221920965e-02 0.000000000000000000e+00
-4.552935074866947907e-05 5.149964523537418210e-02 6.938893903907228378e-18
-4.150404757850472217e-05 4.993486755687322892e-02 -6.938893903907228378e-18
-3.783462617131932846e-05 4.841763446187272862e-02 -6.938893903907228378e-18
-3.448962260405759859e-05 4.694650134424657728e-02 6.938893903907228378e-18
-3.144035471591500382e-05 4.552006749113077233e-02 0.000000000000000000e+00
-2.866067616948250315e-05 4.413697474925976083e-02 0.000000000000000000e+00
-2.612675225563326344e-05 4.279590623182534526e-02 0.000000000000000000e+00
-2.381685551976160786e-05 4.149558506462668744e-02 -6.938893903907228378e-18
-2.171117945694505137e-05 4.023477317031746298e-02 0.000000000000000000e+00
-1.979166867853557454e-05 3.901227008959300829e-02 0.000000000000000000e+00
-1.804186409392071643e-05 3.782691183819452546e-02 0.000000000000000000e+00
-1.644676177994662642e-05 3.667756979864251338e-02 0.000000000000000000e+00
-1.499268432786047117e-05 3.556314964564399189e-02 0.000000000000000000e+00
-1.366716356462007275e-05 3.448259030415034426e-02 0.000000000000000000e+00
-1.245883364295008118e-05 3.343486293907394630e-02 0.000000000000000000e+00
-1.135733358343105172e-05 3.241896997570135885e-02 0.000000000000000000e+00
-1.035321843295661549e-05 3.143394414987051022e-02 6.938893903907228378e-18
-9.437878277775391497e-06 3.047884758700766805e-02 0.000000000000000000e+00
-8.603464416684491949e-06 2.955277090914690957e-02 0.000000000000000000e+00
-7.842822061337681528e-06 2.865483236908255085e-02 0.000000000000000000e+00
-7.149428986597577096e-06 2.778417701082916760e-02 3.469446951953614189e-18
-6.517339604882419798e-06 2.693997585559088428e-02 0.000000000000000000e+00
-5.941133984965040091e-06 2.612142511246408338e-02 3.469446951953614189e-18
-5.415871378079464646e-06 2.532774541312232675e-02 0.000000000000000000e+00
-4.937047852839003774e-06 2.455818106975506468e-02 0.000000000000000000e+00
-4.500557675700497562e-06 2.381199935555285488e-02 -3.469446951953614189e-18
-4.102658105827190016e-06 2.308848980705494394e-02 0.000000000000000000e+00
-3.739937302478801438e-06 2.238696354769423649e-02 3.469446951953614189e-18
-3.409285069746807414e-06 2.170675263189582663e-02 -3.469446951953614189e-18
-3.107866187782014044e-06 2.104720940910483409e-02 0.000000000000000000e+00
-2.833096101839324281e-06 2.040770590713739813e-02 -3.469446951953614189e-18
-2.582618760682674597e-06 1.978763323426845772e-02 0.000000000000000000e+00
-2.354286414322420241e-06 1.918640099948642347e-02 3.469446951953614189e-18
-2.146141197858401321e-06 1.860343675036294636e-02 0.000000000000000000e+00
-1.956398343517064956e-06 1.803818542800284322e-02 0.000000000000000000e+00
-1.783430876931909385e-06 1.749010883855457027e-02 3.469446951953614189e-18
-1.625755666443793459e-06 1.695868514077880987e-02 0.000000000000000000e+00
-1.482020705798860061e-06 1.644340834918669308e-02 0.000000000000000000e+00
-1.350993521198025044e-06 1.594378785227479681e-02 0.000000000000000000e+00
-1.231550603292826123e-06 1.545934794539837245e-02 1.734723475976807094e-18
-1.122667773510813544e-06 1.498962737783758950e-02 -1.734723475976807094e-18
-1.023411402105452724e-06 1.453417891362611576e-02 0.000000000000000000e+00
-9.329304026284696006e-07 1.409256890572339709e-02 0.000000000000000000e+00
-8.504489341802668154e-07 1.366437688312542240e-02 1.734723475976807094e-18
-7.752597488629464802e-07 1.324919515052094647e-02 0.000000000000000000e+00
-7.067181273927491134e-07 1.284662840011161107e-02 -1.734723475976807094e-18
-6.442363508721370433e-07 1.245629333522686906e-02 0.000000000000000000e+00
-5.872786613189488420e-07 1.207781830537492558e-02 0.000000000000000000e+00
-5.353566677410719087e-07 1.171084295238240119e-02 0.000000000000000000e+00
-4.880251583654433868e-07 1.135501786728587877e-02 -1.734723475976807094e-18
-4.448782831127585240e-07 1.101000425764835436e-02 0.000000000000000000e+00
-4.055460735840827629e-07 1.067547362498421325e-02 0.000000000000000000e+00
-3.696912707195032149e-07 1.035110745198529122e-02 0.000000000000000000e+00
-3.370064329271924916e-07 1.003659689925033398e-02 0.000000000000000000e+00
-3.072112998861759377e-07 9.731642511229212159e-03 0.000000000000000000e+00
-2.800503894183630768e-07 9.435953931101621547e-03 0.000000000000000000e+00
-2.552908068239516341e-07 9.149249624319151855e-03 0.000000000000000000e+00
-2.327202478960407430e-07 8.871256610547204047e-03 0.000000000000000000e+00
-2.121451784910627804e-07 8.601710203751701533e-03 0.000000000000000000e+00
-1.933891750455232150e-07 8.340353760183058865e-03 0.000000000000000000e+00
-1.762914118095947879e-07 8.086938434017441890e-03 0.000000000000000000e+00
-1.607052818261638511e-07 7.841222940422741539e-03 0.000000000000000000e+00
-1.464971398307284823e-07 7.602973325823548546e-03 0.000000000000000000e+00
-1.335451562929897346e-07 7.371962745146480242e-03 0.000000000000000000e+00
-1.217382727739661997e-07 7.147971245833742611e-03 8.673617379884035472e-19
-1.109752496412072128e-07 6.930785558419250147e-03 0.000000000000000000e+00
-1.011637979766206998e-07 6.720198893467976831e-03 0.000000000000000000e+00
-9.221978823334321696e-08 6.516010744685109615e-03 0.000000000000000000e+00
-8.406652885618316896e-08 6.318026698007598793e-03 0.000000000000000000e+00
-7.663410868007461840e-08 6.126058246496316612e-03 0.000000000000000000e+00
-6.985879746785248944e-08 5.939922610852564969e-03 -8.673617379884035472e-19
-6.368249944718586734e-08 5.759442565388081005e-03 0.000000000000000000e+00
-5.805225516094895341e-08 5.584446269282779089e-03 0.000000000000000000e+00
-5.291978735958436733e-08 5.414767102969623297e-03 0.000000000000000000e+00
-4.824108704165373813e-08 5.250243509490807974e-03 8.673617379884035472e-19
-4.397603609302721429e-08 5.090718840674203147e-03 0.000000000000000000e+00
-4.008806328898464426e-08 4.936041207983645450e-03 0.000000000000000000e+00
-3.654383070957254780e-08 4.786063337900992899e-03 0.000000000000000000e+00
-3.331294787934669988e-08 4.640642431702301889e-03 0.000000000000000000e+00
-3.036771118035460432e-08 4.499640029494604739e-03 0.000000000000000000e+00
-2.768286630392066656e-08 4.362921878383803700e-03 0.000000000000000000e+00
-2.523539170434765942e-08 4.230357804648222746e-03 0.000000000000000000e+00
-2.300430119772916963e-08 4.101821589796029142e-03 0.000000000000000000e+00
-2.097046401323230653e-08 3.977190850388578371e-03 0.000000000000000000e+00
-1.911644075385703529e-08 3.856346921515231823e-03 4.336808689942017736e-19
-1.742633386009650837e-08 3.739174743808694815e-03 0.000000000000000000e+00
-1.588565129428052629e-08 3.625562753893327248e-03 4.336808689942017736e-19
-1.448118227674533014e-08 3.515402778162078981e-03 -4.336808689942017736e-19
-1.320088400831416734e-08 3.408589929780944574e-03 0.000000000000000000e+00
-1.203377840777590565e-08 3.305022508822856152e-03 0.000000000000000000e+00
-1.096985797892384102e-08 3.204601905435924217e-03 -4.336808689942017736e-19
-1.000000000000000021e-08 3.107232505953860108e-03 0.000000000000000000e+00
0.000000000000000000e+00 0.000000000000000000e+00 0.000000000000000000e+00
4.081632653061224164e-02 0.000000000000000000e+00 0.000000000000000000e+00
8.163265306122448328e-02 0.000000000000000000e+00 0.000000000000000000e+00
1.224489795918367319e-01 0.000000000000000000e+00 0.000000000000000000e+00
1.632653061224489666e-01 0.000000000000000000e+00 0.000000000000000000e+00
2.040816326530612013e-01 0.000000000000000000e+00 0.000000000000000000e+00
2.448979591836734637e-01 0.000000000000000000e+00 0.000000000000000000e+00
2.857142857142856984e-01 0.000000000000000000e+00 0.000000000000000000e+00
3.265306122448979331e-01 0.000000000000000000e+00 0.000000000000000000e+00
3.673469387755101678e-01 0.000000000000000000e+00 0.000000000000000000e+00
4.081632653061224025e-01 0.000000000000000000e+00 0.000000000000000000e+00
4.489795918367346372e-01 0.000000000000000000e+00 0.000000000000000000e+00
4.897959183673469274e-01 0.000000000000000000e+00 0.000000000000000000e+00
5.306122448979591066e-01 0.000000000000000000e+00 0.000000000000000000e+00
5.714285714285713969e-01 0.000000000000000000e+00 0.000000000000000000e+00
6.122448979591835760e-01 0.000000000000000000e+00 0.000000000000000000e+00
6.530612244897958663e-01 0.000000000000000000e+00 0.000000000000000000e+00
6.938775510204081565e-01 0.000000000000000000e+00 0.000000000000000000e+00
7.346938775510203357e-01 0.000000000000000000e+00 0.000000000000000000e+00
7.755102040816326259e-01 0.000000000000000000e+00 0.000000000000000000e+00
8.163265306122448051e-01 0.000000000000000000e+00 0.000000000000000000e+00
8.571428571428570953e-01 0.000000000000000000e+00 0.000000000000000000e+00
8.979591836734692745e-01 0.000000000000000000e+00 0.000000000000000000e+00
9.387755102040815647e-01 0.000000000000000000e+00 0.000000000000000000e+00
9.795918367346938549e-01 0.000000000000000000e+00 0.000000000000000000e+00
1.020408163265306145e+00 0.000000000000000000e+00 0.000000000000000000e+00
1.061224489795918213e+00 0.000000000000000000e+00 0.000000000000000000e+00
1.102040816326530503e+00 0.000000000000000000e+00 0.000000000000000000e+00
1.142857142857142794e+00 0.000000000000000000e+00 0.000000000000000000e+00
1.183673469387755084e+00 0.000000000000000000e+00 0.000000000000000000e+00
1.224489795918367152e+00 0.000000000000000000e+00 0.000000000000000000e+00
1.265306122448979442e+00 0.000000000000000000e+00 0.000000000000000000e+00
1.306122448979591733e+00 0.000000000000000000e+00 0.000000000000000000e+00
1.346938775510204023e+00 0.000000000000000000e+00 0.000000000000000000e+00
1.387755102040816313e+00 0.000000000000000000e+00 0.000000000000000000e+00
1.428571428571428381e+00 0.000000000000000000e+00 0.000000000000000000e+00
1.469387755102040671e+00 0.000000000000000000e+00 0.000000000000000000e+00
1.510204081632652962e+00 0.000000000000000000e+00 0.000000000000000000e+00
1.551020408163265252e+00 0.000000000000000000e+00 0.000000000000000000e+00
1.591836734693877320e+00 0.000000000000000000e+00 0.000000000000000000e+00
1.632653061224489610e+00 0.000000000000000000e+00 0.000000000000000000e+00
1.673469387755101900e+00 0.000000000000000000e+00 0.000000000000000000e+00
1.714285714285714191e+00 0.000000000000000000e+00 0.000000000000000000e+00
1.755102040816326481e+00 0.000000000000000000e+00 0.000000000000000000e+00
1.795918367346938549e+00 0.000000000000000000e+00 0.000000000000000000e+00
1.836734693877550839e+00 0.000000000000000000e+00 0.000000000000000000e+00
1.877551020408163129e+00 0.000000000000000000e+00 0.000000000000000000e+00
1.918367346938775420e+00 0.000000000000000000e+00 0.000000000000000000e+00
1.959183673469387710e+00 0.000000000000000000e+00 0.000000000000000000e+00
2.000000000000000000e+00 0.000000000000000000e+00 0.000000000000000000e+00
