# Traveling wave profile for m=2, c=1.0
# xi f residual
-5.000000000000000000e+00 3.162277660168379523e+00 -4.440892098500626162e-16
-4.949494949494949836e+00 3.146266024828463070e+00 -4.440892098500626162e-16
-4.898989898989898784e+00 3.130172486937389031e+00 0.000000000000000000e+00
-4.848484848484848619e+00 3.113995776646091951e+00 0.000000000000000000e+00
-4.797979797979797567e+00 3.097734590948617139e+00 -4.440892098500626162e-16
-4.747474747474747403e+00 3.081387592457251134e+00 -4.440892098500626162e-16
-4.696969696969697239e+00 3.064953408118856526e+00 0.000000000000000000e+00
-4.646464646464646187e+00 3.048430627868919274e+00 0.000000000000000000e+00
-4.595959595959596022e+00 3.031817803219578611e+00 0.000000000000000000e+00
-4.545454545454545858e+00 3.015113445777636514e+00 -4.440892098500626162e-16
-4.494949494949494806e+00 2.998316025688251063e+00 0.000000000000000000e+00
-4.444444444444444642e+00 2.981423969999719592e+00 0.000000000000000000e+00
-4.393939393939393590e+00 2.964435660944387596e+00 -4.440892098500626162e-16
-4.343434343434343425e+00 2.947349434130382750e+00 4.440892098500626162e-16
-4.292929292929293261e+00 2.930163576638442180e+00 -4.440892098500626162e-16
-4.242424242424242209e+00 2.912876325017676571e+00 4.440892098500626162e-16
-4.191919191919192045e+00 2.895485863173637320e+00 -4.440892098500626162e-16
-4.141414141414141881e+00 2.877990320141519121e+00 0.000000000000000000e+00
-4.090909090909090828e+00 2.860387767736777054e+00 4.440892098500626162e-16
-4.040404040404040664e+00 2.842676218074805750e+00 -4.440892098500626162e-16
-3.989898989898989612e+00 2.824853620950646516e+00 0.000000000000000000e+00
-3.939393939393939448e+00 2.806917861068948028e+00 0.000000000000000000e+00
-3.888888888888888840e+00 2.788866755113585061e+00 0.000000000000000000e+00
-3.838383838383838231e+00 2.770698048645444889e+00 -4.440892098500626162e-16
-3.787878787878788067e+00 2.752409412815901568e+00 0.000000000000000000e+00
-3.737373737373737459e+00 2.733998440882414727e+00 0.000000000000000000e+00
-3.686868686868686851e+00 2.715462644511497103e+00 -4.440892098500626162e-16
-3.636363636363636687e+00 2.696799449852968600e+00 0.000000000000000000e+00
-3.585858585858585634e+00 2.678006193367963750e+00 4.440892098500626162e-16
-3.535353535353535470e+00 2.659080117391552367e+00 0.000000000000000000e+00
-3.484848484848484862e+00 2.640018365409030565e+00 0.000000000000000000e+00
-3.434343434343434254e+00 2.620817977022988021e+00 0.000000000000000000e+00
-3.383838383838384090e+00 2.601475882586030686e+00 0.000000000000000000e+00
-3.333333333333333037e+00 2.581988897471611200e+00 0.000000000000000000e+00
-3.282828282828282873e+00 2.562353715952691235e+00 0.000000000000000000e+00
-3.232323232323232265e+00 2.542566904654912641e+00 0.000000000000000000e+00
-3.181818181818181657e+00 2.522624895547564972e+00 0.000000000000000000e+00
-3.131313131313131493e+00 2.502523978431827612e+00 0.000000000000000000e+00
-3.080808080808080884e+00 2.482260292881502295e+00 0.000000000000000000e+00
-3.030303030303030276e+00 2.461829819586654811e+00 0.000000000000000000e+00
-2.979797979797979668e+00 2.441228371045191636e+00 0.000000000000000000e+00
-2.929292929292929504e+00 2.420451581541316344e+00 -4.440892098500626162e-16
-2.878787878787878896e+00 2.399494896342927674e+00 4.440892098500626162e-16
-2.828282828282828287e+00 2.378353560042252735e+00 0.000000000000000000e+00
-2.777777777777777679e+00 2.357022603955158502e+00 0.000000000000000000e+00
-2.727272727272727515e+00 2.335496832484568852e+00 0.000000000000000000e+00
-2.676767676767676907e+00 2.313770808341948371e+00 0.000000000000000000e+00
-2.626262626262626299e+00 2.291838836507761989e+00 -4.440892098500626162e-16
-2.575757575757575690e+00 2.269694946796849244e+00 0.000000000000000000e+00
-2.525252525252525082e+00 2.247332874877473685e+00 0.000000000000000000e+00
-2.474747474747474918e+00 2.224746041573048672e+00 0.000000000000000000e+00
-2.424242424242424310e+00 2.201927530252721255e+00 0.000000000000000000e+00
-2.373737373737373701e+00 2.178870062090612070e+00 0.000000000000000000e+00
-2.323232323232323093e+00 2.155565968942877664e+00 0.000000000000000000e+00
-2.272727272727272929e+00 2.132007163556104423e+00 0.000000000000000000e+00
-2.222222222222222321e+00 2.108185106778919682e+00 0.000000000000000000e+00
-2.171717171717171713e+00 2.084090771399927267e+00 -4.440892098500626162e-16
-2.121212121212121104e+00 2.059714602177749043e+00 0.000000000000000000e+00
-2.070707070707070940e+00 2.035046471561311243e+00 0.000000000000000000e+00
-2.020202020202020332e+00 2.010075630518424195e+00 0.000000000000000000e+00
-1.969696969696969724e+00 1.984790653795492688e+00 -2.220446049250313081e-16
-1.919191919191919116e+00 1.959179378817528905e+00 2.220446049250313081e-16
-1.868686868686868952e+00 1.933228837301403935e+00 0.000000000000000000e+00
-1.818181818181818343e+00 1.906925178491184703e+00 2.220446049250313081e-16
-1.767676767676767735e+00 1.880253582725887496e+00 0.000000000000000000e+00
-1.717171717171717127e+00 1.853198163808564392e+00 0.000000000000000000e+00
-1.666666666666666519e+00 1.825741858350553581e+00 -2.220446049250313081e-16
-1.616161616161616355e+00 1.797866299901978993e+00 0.000000000000000000e+00
-1.565656565656565746e+00 1.769551675231082699e+00 2.220446049250313081e-16
-1.515151515151515138e+00 1.740776559556978409e+00 2.220446049250313081e-16
-1.464646464646464530e+00 1.711517726841568221e+00 0.000000000000000000e+00
-1.414141414141414366e+00 1.681749930365043610e+00 0.000000000000000000e+00
-1.363636363636363757e+00 1.651445647689540941e+00 0.000000000000000000e+00
-1.313131313131313149e+00 1.620574782681325710e+00 2.220446049250313081e-16
-1.262626262626262541e+00 1.589104315409320511e+00 2.220446049250313081e-16
-1.212121212121212377e+00 1.556997888323046197e+00 0.000000000000000000e+00
-1.161616161616161769e+00 1.524215313934459637e+00 0.000000000000000000e+00
-1.111111111111111160e+00 1.490711984999859796e+00 0.000000000000000000e+00
-1.060606060606060552e+00 1.456438162508838285e+00 2.220446049250313081e-16
-1.010101010101010388e+00 1.421338109037403097e+00 0.000000000000000000e+00
-1.000000000000000000e+00 1.414213562373095145e+00 0.000000000000000000e+00
-9.595959595959593358e-01 1.385349024322722222e+00 0.000000000000000000e+00
-9.115888299750818380e-01 1.350250961840117947e+00 0.000000000000000000e+00
-9.090909090909091717e-01 1.348399724926484300e+00 0.000000000000000000e+00
-8.585858585858590075e-01 1.310408988511494455e+00 0.000000000000000000e+00
-8.309941949353403245e-01 1.289181286658583447e+00 0.000000000000000000e+00
-8.080808080808079552e-01 1.271283452327456320e+00 0.000000000000000000e+00
-7.575757575757577911e-01 1.230914909793327405e+00 0.000000000000000000e+00
-7.575250258771920597e-01 1.230873694476563251e+00 0.000000000000000000e+00
-7.070707070707067388e-01 1.189176780021125923e+00 0.000000000000000000e+00
-6.905513520162330776e-01 1.175203260730868671e+00 0.000000000000000000e+00
-6.565656565656565746e-01 1.145919418253880995e+00 -2.220446049250313081e-16
-6.294988990221888070e-01 1.122050710994996647e+00 2.220446049250313081e-16
-6.060606060606064105e-01 1.100963765126360849e+00 2.220446049250313081e-16
-5.738441648302392561e-01 1.071302165432553632e+00 0.000000000000000000e+00
-5.555555555555553582e-01 1.054092553389459619e+00 0.000000000000000000e+00
-5.231099308056258446e-01 1.022848894808637832e+00 0.000000000000000000e+00
-5.050505050505051940e-01 1.005037815259212319e+00 0.000000000000000000e+00
-4.768611697714474351e-01 9.765870875364340842e-01 1.110223024625156540e-16
-4.545454545454550299e-01 9.534625892455927954e-01 0.000000000000000000e+00
-4.347013158125026533e-01 9.324176272599126181e-01 1.110223024625156540e-16
-4.040404040404039776e-01 8.989331499509893852e-01 0.000000000000000000e+00
-3.962688638701478139e-01 8.902458804961108640e-01 -1.110223024625156540e-16
-3.612342699709430449e-01 8.499814938820057231e-01 1.110223024625156540e-16
-3.535353535353538135e-01 8.408749651825220273e-01 0.000000000000000000e+00
-3.292971255097147942e-01 8.115382005915862118e-01 1.110223024625156540e-16
-3.030303030303027612e-01 7.784989441615226546e-01 1.110223024625156540e-16
-3.001835813575592371e-01 7.748336355083705884e-01 1.110223024625156540e-16
-2.736439997074671671e-01 7.397891587573680594e-01 0.000000000000000000e+00
-2.525252525252525970e-01 7.106690545187015484e-01 0.000000000000000000e+00
-2.494508135230316670e-01 7.063296872184146036e-01 1.110223024625156540e-16
-2.273965752357927639e-01 6.743835336598792418e-01 0.000000000000000000e+00
-2.072921779595369718e-01 6.438822531480999922e-01 -1.110223024625156540e-16
-2.020202020202024329e-01 6.356417261637288263e-01 0.000000000000000000e+00
-1.889652339691211547e-01 6.147604964034711905e-01 0.000000000000000000e+00
-1.722585965398787389e-01 5.869558697889966092e-01 0.000000000000000000e+00
-1.570290124729377401e-01 5.604088016313407694e-01 0.000000000000000000e+00
-1.515151515151513806e-01 5.504818825631800916e-01 0.000000000000000000e+00
-1.431458937523478470e-01 5.350624145879578908e-01 0.000000000000000000e+00
-1.304901978014401664e-01 5.108624037868517709e-01 0.000000000000000000e+00
-1.189534067370320719e-01 4.877569204778791634e-01 -5.551115123125782702e-17
-1.084365968689610937e-01 4.656964609463144500e-01 -5.551115123125782702e-17
-1.010101010101012164e-01 4.494665749754951922e-01 5.551115123125782702e-17
-9.884959046625586832e-02 4.446337604506789276e-01 0.000000000000000000e+00
-9.011018251665019185e-02 4.245236919575872125e-01 -5.551115123125782702e-17
-8.214343584919421570e-02 4.053231694566551968e-01 -5.551115123125782702e-17
-7.488103857590031054e-02 3.869910556483193709e-01 0.000000000000000000e+00
-6.826071834272393057e-02 3.694880738067845560e-01 5.551115123125782702e-17
-6.222570836730231120e-02 3.527767236292732034e-01 -5.551115123125782702e-17
-5.672426068491977919e-02 3.368212008912734312e-01 0.000000000000000000e+00
-5.170920242896755170e-02 3.215873207356519936e-01 0.000000000000000000e+00
-5.050505050505016413e-02 3.178208630818630254e-01 -5.551115123125782702e-17
-4.713753134116728527e-02 3.070424444312782053e-01 0.000000000000000000e+00
-4.297004704320844110e-02 2.931554094442346825e-01 0.000000000000000000e+00
-3.917101490809260511e-02 2.798964626717980186e-01 0.000000000000000000e+00
-3.570785964900462933e-02 2.672371966961359369e-01 0.000000000000000000e+00
-3.255088599835056357e-02 2.551504889211484994e-01 0.000000000000000000e+00
-2.967302408188872420e-02 2.436104434620516290e-01 -2.775557561562891351e-17
-2.704959730463137035e-02 2.325923356632000893e-01 0.000000000000000000e+00
-2.465811075822603796e-02 2.220725591252824538e-01 2.775557561562891351e-17
-2.247805833548725124e-02 2.120285751283880749e-01 -2.775557561562891351e-17
-2.049074689815846145e-02 2.024388643425884260e-01 -2.775557561562891351e-17
-1.867913599020784576e-02 1.932828807225712153e-01 0.000000000000000000e+00
-1.702769172225901406e-02 1.845410074875447060e-01 2.775557561562891351e-17
-1.552225357427047987e-02 1.761945150921019887e-01 0.000000000000000000e+00
-1.414991297434575919e-02 1.682255210979936855e-01 0.000000000000000000e+00
-1.289890261253308010e-02 1.606169518608361602e-01 0.000000000000000000e+00
-1.175849554052158137e-02 1.533525059496686493e-01 0.000000000000000000e+00
-1.071891319205128638e-02 1.464166192209838402e-01 -2.775557561562891351e-17
-9.771241535346501458e-03 1.397944314724052228e-01 0.000000000000000000e+00
-8.907354638610439843e-03 1.334717546045637304e-01 0.000000000000000000e+00
-8.119844993184008319e-03 1.274350422229616475e-01 0.000000000000000000e+00
-7.401959996915637337e-03 1.216713606146954951e-01 0.000000000000000000e+00
-6.747544053110700150e-03 1.161683610378548837e-01 0.000000000000000000e+00
-6.150985788580504154e-03 1.109142532642266310e-01 -1.387778780781445676e-17
-5.607169938205458157e-03 1.058977803186210154e-01 0.000000000000000000e+00
-5.111433483440165799e-03 1.011081943606962630e-01 0.000000000000000000e+00
-4.659525668664677746e-03 9.653523365760997843e-02 1.387778780781445676e-17
-4.247571552536902849e-03 9.216910059816037226e-02 -1.387778780781445676e-17
-3.872038781812556923e-03 8.800044070131191054e-02 0.000000000000000000e+00
-3.529707302730649993e-03 8.402032257413262484e-02 1.387778780781445676e-17
-3.217641750250735486e-03 8.022021877620050256e-02 0.000000000000000000e+00
-2.933166278390042427e-03 7.659198754948251531e-02 0.000000000000000000e+00
-2.673841615839949500e-03 7.312785537454177809e-02 0.000000000000000000e+00
-2.437444150122221927e-03 6.982040031569887450e-02 0.000000000000000000e+00
-2.221946860939523916e-03 6.666253611946554303e-02 0.000000000000000000e+00
-2.025501939230666629e-03 6.364749703217977006e-02 0.000000000000000000e+00
-1.846424942895542615e-03 6.076882330431522539e-02 0.000000000000000000e+00
-1.683180353330958291e-03 5.802034735040730723e-02 0.000000000000000000e+00
-1.534368408930013262e-03 5.539618053494325955e-02 6.938893903907228378e-18
-1.398713102647238578e-03 5.289070055590563979e-02 6.938893903907228378e-18
-1.275051240713012809e-03 5.049853939893732963e-02 0.000000000000000000e+00
-1.162322468679851794e-03 4.821457183632043425e-02 0.000000000000000000e+00
-1.059560179277617030e-03 4.603390444612789900e-02 0.000000000000000000e+00
-9.658832241158708896e-04 4.395186512802092688e-02 0.000000000000000000e+00
-8.804883581643465056e-04 4.196399309323044918e-02 6.938893903907228378e-18
-8.026433522257173624e-04 4.006602930727519440e-02 0.000000000000000000e+00
-7.316807143427192690e-04 3.825390736494036631e-02 0.000000000000000000e+00
-6.669919663030128912e-04 3.652374477796636876e-02 0.000000000000000000e+00
-6.080224261649426910e-04 3.487183465678118238e-02 0.000000000000000000e+00
-5.542664520663106911e-04 3.329463776845487111e-02 0.000000000000000000e+00
-5.052631065335679277e-04 3.178877495385967061e-02 0.000000000000000000e+00
-4.605922041145103524e-04 3.035101988778994564e-02 0.000000000000000000e+00
-4.198707084443914516e-04 2.897829216653015350e-02 0.000000000000000000e+00
-3.827494478516315301e-04 2.766765070806090354e-02 0.000000000000000000e+00
-3.489101213406773793e-04 2.641628745076330179e-02 3.469446951953614189e-18
-3.180625692794118915e-04 2.522152133712048105e-02 0.000000000000000000e+00
-2.899422853882875021e-04 2.408079256952675579e-02 0.000000000000000000e+00
-2.643081486974108206e-04 2.299165712589724617e-02 -3.469446951953614189e-18
-2.409403560239527036e-04 2.195178152332756191e-02 0.000000000000000000e+00
-2.196385372416547008e-04 2.095893781858492594e-02 0.000000000000000000e+00
-2.002200371815584547e-04 2.001099883471879268e-02 3.469446951953614189e-18
-1.825183494319042592e-04 1.910593360356432555e-02 0.000000000000000000e+00
-1.663816886076127221e-04 1.824180301437403062e-02 3.469446951953614189e-18
-1.516716888470924095e-04 1.741675565925481992e-02 0.000000000000000000e+00
-1.382622173764656490e-04 1.662902386650916275e-02 0.000000000000000000e+00
-1.260382929679727457e-04 1.587691991338198785e-02 0.000000000000000000e+00
-1.148951000187308635e-04 1.515883241009879749e-02 0.000000000000000000e+00
-1.047370897959448602e-04 1.447322284744796336e-02 0.000000000000000000e+00
-9.547716114208065730e-05 1.381862230051032758e-02 0.000000000000000000e+00
-8.703591361485165528e-05 1.319362828147372518e-02 1.734723475976807094e-18
-7.934096665797492082e-05 1.259690173478978346e-02 0.000000000000000000e+00
-7.232633896483533814e-05 1.202716416823478365e-02 -1.734723475976807094e-18
-6.593188271333541236e-05 1.148319491372809704e-02 0.000000000000000000e+00
-6.010276782070387642e-05 1.096382851203938497e-02 0.000000000000000000e+00
-5.478901179593944910e-05 1.046795221578121667e-02 0.000000000000000000e+00
-4.994505115855139794e-05 9.994503605337426086e-03 0.000000000000000000e+00
-4.552935074866947907e-05 9.542468312619066181e-03 0.000000000000000000e+00
-4.150404757850472217e-05 9.110877847771280125e-03 0.000000000000000000e+00
-3.783462617131932846e-05 8.698807524174716893e-03 0.000000000000000000e+00
-3.448962260405759859e-05 8.305374477295722827e-03 0.000000000000000000e+00
-3.144035471591500382e-05 7.929735773140869290e-03 0.000000000000000000e+00
-2.866067616948250315e-05 7.571086602262914328e-03 0.000000000000000000e+00
-2.612675225563326344e-05 7.228658555449034642e-03 0.000000000000000000e+00
-2.381685551976160786e-05 6.901717977396875162e-03 0.000000000000000000e+00
-2.171117945694505137e-05 6.589564394851157858e-03 0.000000000000000000e+00
-1.979166867853557454e-05 6.291529015833205972e-03 0.000000000000000000e+00
-1.804186409392071643e-05 6.006973296747824750e-03 -8.673617379884035472e-19
-1.644676177994662642e-05 5.735287574297669687e-03 0.000000000000000000e+00
-1.499268432786047117e-05 5.475889759273915719e-03 0.000000000000000000e+00
-1.366716356462007275e-05 5.228224089424643971e-03 -8.673617379884035472e-19
-1.245883364295008118e-05 4.991759938729041675e-03 0.000000000000000000e+00
-1.135733358343105172e-05 4.765990680526148784e-03 0.000000000000000000e+00
-1.035321843295661549e-05 4.550432602062492830e-03 0.000000000000000000e+00
-9.437878277775391497e-06 4.344623868132981015e-03 0.000000000000000000e+00
-8.603464416684491949e-06 4.148123531594615637e-03 -8.673617379884035472e-19
-7.842822061337681528e-06 3.960510588633158260e-03 0.000000000000000000e+00
-7.149428986597577096e-06 3.781383076758443925e-03 -4.336808689942017736e-19
-6.517339604882419798e-06 3.610357213596023050e-03 4.336808689942017736e-19
-5.941133984965040091e-06 3.447066574629808512e-03 0.000000000000000000e+00
-5.415871378079464646e-06 3.291161308134095409e-03 0.000000000000000000e+00
-4.937047852839003774e-06 3.142307385612999864e-03 0.000000000000000000e+00
-4.500557675700497562e-06 3.000185886141222731e-03 4.336808689942017736e-19
-4.102658105827190016e-06 2.864492313073012993e-03 0.000000000000000000e+00
-3.739937302478801438e-06 2.734935941655234227e-03 0.000000000000000000e+00
-3.409285069746807414e-06 2.611239196146843567e-03 0.000000000000000000e+00
-3.107866187782014044e-06 2.493137055110293803e-03 0.000000000000000000e+00
-2.833096101839324281e-06 2.380376483600577138e-03 0.000000000000000000e+00
-2.582618760682674597e-06 2.272715891035513840e-03 -4.336808689942017736e-19
-2.354286414322420241e-06 2.169924613585651630e-03 0.000000000000000000e+00
-2.146141197858401321e-06 2.071782419974839504e-03 0.000000000000000000e+00
-1.956398343517064956e-06 1.978079039632675822e-03 0.000000000000000000e+00
-1.783430876931909385e-06 1.888613712187809735e-03 -2.168404344971008868e-19
-1.625755666443793459e-06 1.803194757336984725e-03 -2.168404344971008868e-19
-1.482020705798860061e-06 1.721639164168183023e-03 2.168404344971008868e-19
-1.350993521198025044e-06 1.643772199058023478e-03 -2.168404344971008868e-19
-1.231550603292826123e-06 1.569427031303351813e-03 2.168404344971008868e-19
-1.122667773510813544e-06 1.498444375684872352e-03 2.168404344971008868e-19
-1.023411402105452724e-06 1.430672151197088723e-03 0.000000000000000000e+00
-9.329304026284696006e-07 1.365965155213316176e-03 0.000000000000000000e+00
-8.504489341802668154e-07 1.304184752387687425e-03 0.000000000000000000e+00
-7.752597488629464802e-07 1.245198577627638090e-03 0.000000000000000000e+00
-7.067181273927491134e-07 1.188880252500435072e-03 0.000000000000000000e+00
-6.442363508721370433e-07 1.135109114466214750e-03 0.000000000000000000e+00
-5.872786613189488420e-07 1.083769958357352512e-03 0.000000000000000000e+00
-5.353566677410719087e-07 1.034752789550307840e-03 0.000000000000000000e+00
-4.880251583654433868e-07 9.879525883011222847e-04 0.000000000000000000e+00
-4.448782831127585240e-07 9.432690847396182606e-04 1.084202172485504434e-19
-4.055460735840827629e-07 9.006065440402737446e-04 -1.084202172485504434e-19
-3.696912707195032149e-07 8.598735613094557690e-04 0.000000000000000000e+00
-3.370064329271924916e-07 8.209828657495751598e-04 0.000000000000000000e+00
-3.072112998861759377e-07 7.838511336805936269e-04 0.000000000000000000e+00
-2.800503894183630768e-07 7.483988100182456743e-04 0.000000000000000000e+00
-2.552908068239516341e-07 7.145499378265337490e-04 0.000000000000000000e+00
-2.327202478960407430e-07 6.822319955792761860e-04 0.000000000000000000e+00
-2.121451784910627804e-07 6.513757417820574807e-04 0.000000000000000000e+00
-1.933891750455232150e-07 6.219150666216782374e-04 0.000000000000000000e+00
-1.762914118095947879e-07 5.937868503252573737e-04 0.000000000000000000e+00
-1.607052818261638511e-07 5.669308279255307536e-04 0.000000000000000000e+00
-1.464971398307284823e-07 5.412894601425903996e-04 0.000000000000000000e+00
-1.335451562929897346e-07 5.168078101054389894e-04 0.000000000000000000e+00
-1.217382727739661997e-07 4.934334256492281480e-04 0.000000000000000000e+00
-1.109752496412072128e-07 4.711162269360018849e-04 0.000000000000000000e+00
-1.011637979766206998e-07 4.498083991581764557e-04 5.421010862427522170e-20
-9.221978823334321696e-08 4.294642900948650744e-04 0.000000000000000000e+00
-8.406652885618316896e-08 4.100403123015666849e-04 0.000000000000000000e+00
-7.663410868007461840e-08 3.914948497236575824e-04 0.000000000000000000e+00
-6.985879746785248944e-08 3.737881685336027159e-04 5.421010862427522170e-20
-6.368249944718586734e-08 3.568823320008595191e-04 5.421010862427522170e-20
-5.805225516094895341e-08 3.407411192120755774e-04 0.000000000000000000e+00
-5.291978735958436733e-08 3.253299474674422459e-04 0.000000000000000000e+00
-4.824108704165373813e-08 3.106157981869361764e-04 0.000000000000000000e+00
-4.397603609302721429e-08 2.965671461677008491e-04 0.000000000000000000e+00
-4.008806328898464426e-08 2.831538920410053167e-04 0.000000000000000000e+00
-3.654383070957254780e-08 2.703472977840634586e-04 0.000000000000000000e+00
-3.331294787934669988e-08 2.581199251485506631e-04 0.000000000000000000e+00
-3.036771118035460432e-08 2.464455768738996991e-04 0.000000000000000000e+00
-2.768286630392066656e-08 2.352992405594232501e-04 0.000000000000000000e+00
-2.523539170434765942e-08 2.246570350750123261e-04 0.000000000000000000e+00
-2.300430119772916963e-08 2.144961593955899625e-04 -2.710505431213761085e-20
-2.097046401323230653e-08 2.047948437497014050e-04 -2.710505431213761085e-20
-1.911644075385703529e-08 1.955323029775746940e-04 0.000000000000000000e+00
-1.742633386009650837e-08 1.866886919987201926e-04 0.000000000000000000e+00
-1.588565129428052629e-08 1.782450632936605401e-04 0.000000000000000000e+00
-1.448118227674533014e-08 1.701833263086917575e-04 0.000000000000000000e+00
-1.320088400831416734e-08 1.624862086967024323e-04 0.000000000000000000e+00
-1.203377840777590565e-08 1.551372193110080633e-04 0.000000000000000000e+00
-1.096985797892384102e-08 1.481206128729140785e-04 0.000000000000000000e+00
-1.000000000000000021e-08 1.414213562373095080e-04 0.000000000000000000e+00
0.000000000000000000e+00 0.000000000000000000e+00 0.000000000000000000e+00
4.081632653061224164e-02 0.000000000000000000e+00 0.000000000000000000e+00
8.163265306122448328e-02 0.000000000000000000e+00 0.000000000000000000e+00
1.224489795918367319e-01 0.000000000000000000e+00 0.000000000000000000e+00
1.632653061224489666e-01 0.000000000000000000e+00 0.000000000000000000e+00
2.040816326530612013e-01 0.000000000000000000e+00 0.000000000000000000e+00
2.448979591836734637e-01 0.000000000000000000e+00 0.000000000000000000e+00
2.857142857142856984e-01 0.000000000000000000e+00 0.000000000000000000e+00
3.265306122448979331e-01 0.000000000000000000e+00 0.000000000000000000e+00
3.673469387755101678e-01 0.000000000000000000e+00 0.000000000000000000e+00
4.081632653061224025e-01 0.000000000000000000e+00 0.000000000000000000e+00
4.489795918367346372e-01 0.000000000000000000e+00 0.000000000000000000e+00
4.897959183673469274e-01 0.000000000000000000e+00 0.000000000000000000e+00
5.306122448979591066e-01 0.000000000000000000e+00 0.000000000000000000e+00
5.714285714285713969e-01 0.000000000000000000e+00 0.000000000000000000e+00
6.122448979591835760e-01 0.000000000000000000e+00 0.000000000000000000e+00
6.530612244897958663e-01 0.000000000000000000e+00 0.000000000000000000e+00
6.938775510204081565e-01 0.000000000000000000e+00 0.000000000000000000e+00
7.346938775510203357e-01 0.000000000000000000e+00 0.000000000000000000e+00
7.755102040816326259e-01 0.000000000000000000e+00 0.000000000000000000e+00
8.163265306122448051e-01 0.000000000000000000e+00 0.000000000000000000e+00
8.571428571428570953e-01 0.000000000000000000e+00 0.000000000000000000e+00
8.979591836734692745e-01 0.000000000000000000e+00 0.000000000000000000e+00
9.387755102040815647e-01 0.000000000000000000e+00 0.000000000000000000e+00
9.795918367346938549e-01 0.000000000000000000e+00 0.000000000000000000e+00
1.020408163265306145e+00 0.000000000000000000e+00 0.000000000000000000e+00
1.061224489795918213e+00 0.000000000000000000e+00 0.000000000000000000e+00
1.102040816326530503e+00 0.000000000000000000e+00 0.000000000000000000e+00
1.142857142857142794e+00 0.000000000000000000e+00 0.000000000000000000e+00
1.183673469387755084e+00 0.000000000000000000e+00 0.000000000000000000e+00
1.224489795918367152e+00 0.000000000000000000e+00 0.000000000000000000e+00
1.265306122448979442e+00 0.000000000000000000e+00 0.000000000000000000e+00
1.306122448979591733e+00 0.000000000000000000e+00 0.000000000000000000e+00
1.346938775510204023e+00 0.000000000000000000e+00 0.000000000000000000e+00
1.387755102040816313e+00 0.000000000000000000e+00 0.000000000000000000e+00
1.428571428571428381e+00 0.000000000000000000e+00 0.000000000000000000e+00
1.469387755102040671e+00 0.000000000000000000e+00 0.000000000000000000e+00
1.510204081632652962e+00 0.000000000000000000e+00 0.000000000000000000e+00
1.551020408163265252e+00 0.000000000000000000e+00 0.000000000000000000e+00
1.591836734693877320e+00 0.000000000000000000e+00 0.000000000000000000e+00
1.632653061224489610e+00 0.000000000000000000e+00 0.000000000000000000e+00
1.673469387755101900e+00 0.000000000000000000e+00 0.000000000000000000e+00
1.714285714285714191e+00 0.000000000000000000e+00 0.000000000000000000e+00
1.755102040816326481e+00 0.000000000000000000e+00 0.000000000000000000e+00
1.795918367346938549e+00 0.000000000000000000e+00 0.000000000000000000e+00
1.836734693877550839e+00 0.000000000000000000e+00 0.000000000000000000e+00
1.877551020408163129e+00 0.000000000000000000e+00 0.000000000000000000e+00
1.918367346938775420e+00 0.000000000000000000e+00 0.000000000000000000e+00
1.959183673469387710e+00 0.000000000000000000e+00 0.000000000000000000e+00
2.000000000000000000e+00 0.000000000000000000e+00 0.000000000000000000e+00
