# Traveling wave profile for m=4, c=1.0
# xi f residual
-5.000000000000000000e+00 2.114742526881128182e+00 0.000000000000000000e+00
-4.949494949494949836e+00 2.109381919697354668e+00 0.000000000000000000e+00
-4.898989898989898784e+00 2.103980129087243967e+00 0.000000000000000000e+00
-4.848484848484848619e+00 2.098536409144583281e+00 0.000000000000000000e+00
-4.797979797979797567e+00 2.093049992511360369e+00 4.440892098500626162e-16
-4.747474747474747403e+00 2.087520089527577394e+00 -4.440892098500626162e-16
-4.696969696969697239e+00 2.081945887337931289e+00 0.000000000000000000e+00
-4.646464646464646187e+00 2.076326548952682316e+00 4.440892098500626162e-16
-4.595959595959596022e+00 2.070661212259826023e+00 4.440892098500626162e-16
-4.545454545454545858e+00 2.064948988985492839e+00 4.440892098500626162e-16
-4.494949494949494806e+00 2.059188963599242417e+00 0.000000000000000000e+00
-4.444444444444444642e+00 2.053380192160681794e+00 0.000000000000000000e+00
-4.393939393939393590e+00 2.047521701103556691e+00 0.000000000000000000e+00
-4.343434343434343425e+00 2.041612485953163247e+00 0.000000000000000000e+00
-4.292929292929293261e+00 2.035651509972603357e+00 0.000000000000000000e+00
-4.242424242424242209e+00 2.029637702733051441e+00 0.000000000000000000e+00
-4.191919191919192045e+00 2.023569958602796870e+00 0.000000000000000000e+00
-4.141414141414141881e+00 2.017447135149424753e+00 0.000000000000000000e+00
-4.090909090909090828e+00 2.011268051448998673e+00 -4.440892098500626162e-16
-4.040404040404040664e+00 2.005031486295626220e+00 0.000000000000000000e+00
-3.989898989898989612e+00 1.998736176304204193e+00 0.000000000000000000e+00
-3.939393939393939448e+00 1.992380813898534164e+00 2.220446049250313081e-16
-3.888888888888888840e+00 1.985964045176316306e+00 -2.220446049250313081e-16
-3.838383838383838231e+00 1.979484467641779100e+00 0.000000000000000000e+00
-3.787878787878788067e+00 1.972940627795883417e+00 2.220446049250313081e-16
-3.737373737373737459e+00 1.966331018573121092e+00 0.000000000000000000e+00
-3.686868686868686851e+00 1.959654076612928675e+00 2.220446049250313081e-16
-3.636363636363636687e+00 1.952908179352621065e+00 0.000000000000000000e+00
-3.585858585858585634e+00 1.946091641927512050e+00 0.000000000000000000e+00
-3.535353535353535470e+00 1.939202713862523186e+00 -2.220446049250313081e-16
-3.484848484848484862e+00 1.932239575538059473e+00 0.000000000000000000e+00
-3.434343434343434254e+00 1.925200334411234282e+00 2.220446049250313081e-16
-3.383838383838384090e+00 1.918083020971637298e+00 0.000000000000000000e+00
-3.333333333333333037e+00 1.910885584408733573e+00 2.220446049250313081e-16
-3.282828282828282873e+00 1.903605887965624355e+00 2.220446049250313081e-16
-3.232323232323232265e+00 1.896241703951254687e+00 2.220446049250313081e-16
-3.181818181818181657e+00 1.888790708380200245e+00 0.000000000000000000e+00
-3.131313131313131493e+00 1.881250475205831219e+00 -2.220446049250313081e-16
-3.080808080808080884e+00 1.873618470108904477e+00 2.220446049250313081e-16
-3.030303030303030276e+00 1.865892043799414646e+00 -2.220446049250313081e-16
-2.979797979797979668e+00 1.858068424784751649e+00 0.000000000000000000e+00
-2.929292929292929504e+00 1.850144711551811705e+00 -2.220446049250313081e-16
-2.878787878787878896e+00 1.842117864104572567e+00 2.220446049250313081e-16
-2.828282828282828287e+00 1.833984694791667813e+00 2.220446049250313081e-16
-2.777777777777777679e+00 1.825741858350553803e+00 2.220446049250313081e-16
-2.727272727272727515e+00 1.817385841085783937e+00 0.000000000000000000e+00
-2.676767676767676907e+00 1.808912949088524513e+00 4.440892098500626162e-16
-2.626262626262626299e+00 1.800319295392528884e+00 2.220446049250313081e-16
-2.575757575757575690e+00 1.791600785948081809e+00 2.220446049250313081e-16
-2.525252525252525082e+00 1.782753104279625411e+00 2.220446049250313081e-16
-2.474747474747474918e+00 1.773771694674504351e+00 -2.220446049250313081e-16
-2.424242424242424310e+00 1.764651743729082733e+00 0.000000000000000000e+00
-2.373737373737373701e+00 1.755388160053853008e+00 0.000000000000000000e+00
-2.323232323232323093e+00 1.745975551910426748e+00 0.000000000000000000e+00
-2.272727272727272929e+00 1.736408202519682975e+00 0.000000000000000000e+00
-2.222222222222222321e+00 1.726680042740901033e+00 0.000000000000000000e+00
-2.171717171717171713e+00 1.716784620775239523e+00 2.220446049250313081e-16
-2.121212121212121104e+00 1.706715068492007159e+00 -2.220446049250313081e-16
-2.070707070707070940e+00 1.696464063911027553e+00 -2.220446049250313081e-16
-2.020202020202020332e+00 1.686023789296819508e+00 2.220446049250313081e-16
-1.969696969696969724e+00 1.675385884227555522e+00 -2.220446049250313081e-16
-1.919191919191919116e+00 1.664541392890379612e+00 -2.220446049250313081e-16
-1.868686868686868952e+00 1.653480704720322603e+00 2.220446049250313081e-16
-1.818181818181818343e+00 1.642193487337277436e+00 2.220446049250313081e-16
-1.767676767676767735e+00 1.630668610537270524e+00 0.000000000000000000e+00
-1.717171717171717127e+00 1.618894059851659462e+00 0.000000000000000000e+00
-1.666666666666666519e+00 1.606856837889303335e+00 0.000000000000000000e+00
-1.616161616161616355e+00 1.594542851307205522e+00 -2.220446049250313081e-16
-1.565656565656565746e+00 1.581936780794930497e+00 0.000000000000000000e+00
-1.515151515151515138e+00 1.569021930881354665e+00 0.000000000000000000e+00
-1.464646464646464530e+00 1.555780055644536253e+00 0.000000000000000000e+00
-1.414141414141414366e+00 1.542191155480491238e+00 2.220446049250313081e-16
-1.363636363636363757e+00 1.528233238901892665e+00 -2.220446049250313081e-16
-1.313131313131313149e+00 1.513882041807670831e+00 -2.220446049250313081e-16
-1.262626262626262541e+00 1.499110694671168531e+00 0.000000000000000000e+00
-1.212121212121212377e+00 1.483889325473002119e+00 0.000000000000000000e+00
-1.161616161616161769e+00 1.468184582722103615e+00 2.220446049250313081e-16
-1.111111111111111160e+00 1.451959058230954280e+00 2.220446049250313081e-16
-1.060606060606060552e+00 1.435170582954426566e+00 -2.220446049250313081e-16
-1.010101010101010388e+00 1.417771360452179774e+00 0.000000000000000000e+00
-1.000000000000000000e+00 1.414213562373095145e+00 2.220446049250313081e-16
-9.595959595959593358e-01 1.399706890322945041e+00 0.000000000000000000e+00
-9.115888299750818380e-01 1.381862230051031926e+00 0.000000000000000000e+00
-9.090909090909091717e-01 1.380914616654912885e+00 0.000000000000000000e+00
-8.585858585858590075e-01 1.361322211604792942e+00 0.000000000000000000e+00
-8.309941949353403245e-01 1.350250961840118613e+00 0.000000000000000000e+00
-8.080808080808079552e-01 1.340845367632665930e+00 0.000000000000000000e+00
-7.575757575757577911e-01 1.319384917132592649e+00 0.000000000000000000e+00
-7.575250258771920597e-01 1.319362828147372602e+00 0.000000000000000000e+00
-7.070707070707067388e-01 1.296823014279528730e+00 2.220446049250313081e-16
-6.905513520162330776e-01 1.289181286658582781e+00 0.000000000000000000e+00
-6.565656565656565746e-01 1.273017982073044285e+00 0.000000000000000000e+00
-6.294988990221888070e-01 1.259690173478978270e+00 0.000000000000000000e+00
-6.060606060606064105e-01 1.247797214423500112e+00 0.000000000000000000e+00
-5.738441648302392561e-01 1.230873694476562585e+00 0.000000000000000000e+00
-5.555555555555553582e-01 1.220947167161568592e+00 -2.220446049250313081e-16
-5.231099308056258446e-01 1.202716416823478296e+00 0.000000000000000000e+00
-5.050505050505051940e-01 1.192198854653619966e+00 0.000000000000000000e+00
-4.768611697714474351e-01 1.175203260730868671e+00 0.000000000000000000e+00
-4.545454545454550299e-01 1.161206150916573865e+00 0.000000000000000000e+00
-4.347013158125026533e-01 1.148319491372810308e+00 0.000000000000000000e+00
-4.040404040404039776e-01 1.127512063051857805e+00 0.000000000000000000e+00
-3.962688638701478139e-01 1.122050710994996647e+00 2.220446049250313081e-16
-3.612342699709430449e-01 1.096382851203937969e+00 2.220446049250313081e-16
-3.535353535353538135e-01 1.090493823926172778e+00 0.000000000000000000e+00
-3.292971255097147942e-01 1.071302165432553632e+00 0.000000000000000000e+00
-3.030303030303027612e-01 1.049268204572291419e+00 0.000000000000000000e+00
-3.001835813575592371e-01 1.046795221578121771e+00 2.220446049250313081e-16
-2.736439997074671671e-01 1.022848894808638276e+00 0.000000000000000000e+00
-2.525252525252525970e-01 1.002515743147813332e+00 -2.220446049250313081e-16
-2.494508135230316670e-01 9.994503605337425878e-01 1.110223024625156540e-16
-2.273965752357927639e-01 9.765870875364336401e-01 0.000000000000000000e+00
-2.072921779595369718e-01 9.542468312619065696e-01 1.110223024625156540e-16
-2.020202020202024329e-01 9.481208519756277875e-01 1.110223024625156540e-16
-1.889652339691211547e-01 9.324176272599126181e-01 1.110223024625156540e-16
-1.722585965398787389e-01 9.110877847771285953e-01 1.110223024625156540e-16
-1.570290124729377401e-01 8.902458804961108640e-01 -1.110223024625156540e-16
-1.515151515151513806e-01 8.823258718645411447e-01 -1.110223024625156540e-16
-1.431458937523478470e-01 8.698807524174712036e-01 0.000000000000000000e+00
-1.304901978014401664e-01 8.499814938820057231e-01 0.000000000000000000e+00
-1.189534067370320719e-01 8.305374477295722757e-01 0.000000000000000000e+00
-1.084365968689610937e-01 8.115382005915866559e-01 -1.110223024625156540e-16
-1.010101010101012164e-01 7.972714256536032051e-01 -1.110223024625156540e-16
-9.884959046625586832e-02 7.929735773140867972e-01 0.000000000000000000e+00
-9.011018251665019185e-02 7.748336355083701443e-01 1.110223024625156540e-16
-8.214343584919421570e-02 7.571086602262914189e-01 0.000000000000000000e+00
-7.488103857590031054e-02 7.397891587573681704e-01 0.000000000000000000e+00
-6.826071834272393057e-02 7.228658555449039014e-01 0.000000000000000000e+00
-6.222570836730231120e-02 7.063296872184144926e-01 0.000000000000000000e+00
-5.672426068491977919e-02 6.901717977396871762e-01 0.000000000000000000e+00
-5.170920242896755170e-02 6.743835336598792418e-01 0.000000000000000000e+00
-5.050505050505016413e-02 6.704226838163318547e-01 0.000000000000000000e+00
-4.713753134116728527e-02 6.589564394851157303e-01 1.110223024625156540e-16
-4.297004704320844110e-02 6.438822531481003253e-01 1.110223024625156540e-16
-3.917101490809260511e-02 6.291529015833206007e-01 0.000000000000000000e+00
-3.570785964900462933e-02 6.147604964034708575e-01 0.000000000000000000e+00
-3.255088599835056357e-02 6.006973296747825097e-01 0.000000000000000000e+00
-2.967302408188872420e-02 5.869558697889966092e-01 1.110223024625156540e-16
-2.704959730463137035e-02 5.735287574297672775e-01 -1.110223024625156540e-16
-2.465811075822603796e-02 5.604088016313407694e-01 0.000000000000000000e+00
-2.247805833548725124e-02 5.475889759273913082e-01 0.000000000000000000e+00
-2.049074689815846145e-02 5.350624145879578908e-01 0.000000000000000000e+00
-1.867913599020784576e-02 5.228224089424643450e-01 -1.110223024625156540e-16
-1.702769172225901406e-02 5.108624037868519929e-01 0.000000000000000000e+00
-1.552225357427047987e-02 4.991759938729041224e-01 -5.551115123125782702e-17
-1.414991297434575919e-02 4.877569204778789413e-01 0.000000000000000000e+00
-1.289890261253308010e-02 4.765990680526148715e-01 -5.551115123125782702e-17
-1.175849554052158137e-02 4.656964609463144500e-01 5.551115123125782702e-17
-1.071891319205128638e-02 4.550432602062495224e-01 -5.551115123125782702e-17
-9.771241535346501458e-03 4.446337604506789276e-01 -5.551115123125782702e-17
-8.907354638610439843e-03 4.344623868132978517e-01 0.000000000000000000e+00
-8.119844993184008319e-03 4.245236919575871570e-01 0.000000000000000000e+00
-7.401959996915637337e-03 4.148123531594617441e-01 -5.551115123125782702e-17
-6.747544053110700150e-03 4.053231694566554189e-01 0.000000000000000000e+00
-6.150985788580504154e-03 3.960510588633158191e-01 0.000000000000000000e+00
-5.607169938205458157e-03 3.869910556483191488e-01 0.000000000000000000e+00
-5.111433483440165799e-03 3.781383076758443873e-01 0.000000000000000000e+00
-4.659525668664677746e-03 3.694880738067843340e-01 -5.551115123125782702e-17
-4.247571552536902849e-03 3.610357213596024906e-01 5.551115123125782702e-17
-3.872038781812556923e-03 3.527767236292732034e-01 0.000000000000000000e+00
-3.529707302730649993e-03 3.447066574629806257e-01 0.000000000000000000e+00
-3.217641750250735486e-03 3.368212008912733757e-01 0.000000000000000000e+00
-2.933166278390042427e-03 3.291161308134097352e-01 0.000000000000000000e+00
-2.673841615839949500e-03 3.215873207356521601e-01 0.000000000000000000e+00
-2.437444150122221927e-03 3.142307385613000159e-01 0.000000000000000000e+00
-2.221946860939523916e-03 3.070424444312780943e-01 0.000000000000000000e+00
-2.025501939230666629e-03 3.000185886141222835e-01 0.000000000000000000e+00
-1.846424942895542615e-03 2.931554094442345160e-01 0.000000000000000000e+00
-1.683180353330958291e-03 2.864492313073014329e-01 0.000000000000000000e+00
-1.534368408930013262e-03 2.798964626717980186e-01 0.000000000000000000e+00
-1.398713102647238578e-03 2.734935941655232683e-01 0.000000000000000000e+00
-1.275051240713012809e-03 2.672371966961359369e-01 0.000000000000000000e+00
-1.162322468679851794e-03 2.611239196146845076e-01 0.000000000000000000e+00
-1.059560179277617030e-03 2.551504889211486660e-01 0.000000000000000000e+00
-9.658832241158708896e-04 2.493137055110293820e-01 0.000000000000000000e+00
-8.804883581643465056e-04 2.436104434620515180e-01 -2.775557561562891351e-17
-8.026433522257173624e-04 2.380376483600576965e-01 0.000000000000000000e+00
-7.316807143427192690e-04 2.325923356631999783e-01 2.775557561562891351e-17
-6.669919663030128912e-04 2.272715891035514968e-01 -2.775557561562891351e-17
-6.080224261649426910e-04 2.220725591252824538e-01 0.000000000000000000e+00
-5.542664520663106911e-04 2.169924613585650641e-01 0.000000000000000000e+00
-5.052631065335679277e-04 2.120285751283880749e-01 2.775557561562891351e-17
-4.605922041145103524e-04 2.071782419974840805e-01 -2.775557561562891351e-17
-4.198707084443914516e-04 2.024388643425885370e-01 0.000000000000000000e+00
-3.827494478516315301e-04 1.978079039632676117e-01 0.000000000000000000e+00
-3.489101213406773793e-04 1.932828807225711321e-01 0.000000000000000000e+00
-3.180625692794118915e-04 1.888613712187809657e-01 0.000000000000000000e+00
-2.899422853882875021e-04 1.845410074875445949e-01 0.000000000000000000e+00
-2.643081486974108206e-04 1.803194757336985532e-01 0.000000000000000000e+00
-2.409403560239527036e-04 1.761945150921020165e-01 0.000000000000000000e+00
-2.196385372416547008e-04 1.721639164168182190e-01 0.000000000000000000e+00
-2.002200371815584547e-04 1.682255210979936855e-01 0.000000000000000000e+00
-1.825183494319042592e-04 1.643772199058024241e-01 0.000000000000000000e+00
-1.663816886076127221e-04 1.606169518608361602e-01 0.000000000000000000e+00
-1.516716888470924095e-04 1.569427031303352038e-01 0.000000000000000000e+00
-1.382622173764656490e-04 1.533525059496685938e-01 -2.775557561562891351e-17
-1.260382929679727457e-04 1.498444375684872543e-01 0.000000000000000000e+00
-1.148951000187308635e-04 1.464166192209837569e-01 0.000000000000000000e+00
-1.047370897959448602e-04 1.430672151197088793e-01 0.000000000000000000e+00
-9.547716114208065730e-05 1.397944314724052228e-01 0.000000000000000000e+00
-8.703591361485165528e-05 1.365965155213315629e-01 0.000000000000000000e+00
-7.934096665797492082e-05 1.334717546045637304e-01 0.000000000000000000e+00
-7.232633896483533814e-05 1.304184752387688162e-01 0.000000000000000000e+00
-6.593188271333541236e-05 1.274350422229616475e-01 0.000000000000000000e+00
-6.010276782070387642e-05 1.245198577627638081e-01 0.000000000000000000e+00
-5.478901179593944910e-05 1.216713606146955506e-01 0.000000000000000000e+00
-4.994505115855139794e-05 1.188880252500435081e-01 0.000000000000000000e+00
-4.552935074866947907e-05 1.161683610378548143e-01 0.000000000000000000e+00
-4.150404757850472217e-05 1.135109114466214680e-01 1.387778780781445676e-17
-3.783462617131932846e-05 1.109142532642266310e-01 0.000000000000000000e+00
-3.448962260405759859e-05 1.083769958357352070e-01 1.387778780781445676e-17
-3.144035471591500382e-05 1.058977803186210154e-01 0.000000000000000000e+00
-2.866067616948250315e-05 1.034752789550308361e-01 0.000000000000000000e+00
-2.612675225563326344e-05 1.011081943606962630e-01 0.000000000000000000e+00
-2.381685551976160786e-05 9.879525883011222587e-02 -1.387778780781445676e-17
-2.171117945694505137e-05 9.653523365761003394e-02 0.000000000000000000e+00
-1.979166867853557454e-05 9.432690847396182909e-02 0.000000000000000000e+00
-1.804186409392071643e-05 9.216910059816031675e-02 0.000000000000000000e+00
-1.644676177994662642e-05 9.006065440402737099e-02 0.000000000000000000e+00
-1.499268432786047117e-05 8.800044070131191054e-02 0.000000000000000000e+00
-1.366716356462007275e-05 8.598735613094553309e-02 0.000000000000000000e+00
-1.245883364295008118e-05 8.402032257413262484e-02 0.000000000000000000e+00
-1.135733358343105172e-05 8.209828657495756021e-02 0.000000000000000000e+00
-1.035321843295661549e-05 8.022021877620050256e-02 0.000000000000000000e+00
-9.437878277775391497e-06 7.838511336805936702e-02 0.000000000000000000e+00
-8.603464416684491949e-06 7.659198754948251531e-02 0.000000000000000000e+00
-7.842822061337681528e-06 7.483988100182456527e-02 0.000000000000000000e+00
-7.149428986597577096e-06 7.312785537454173646e-02 0.000000000000000000e+00
-6.517339604882419798e-06 7.145499378265338097e-02 0.000000000000000000e+00
-5.941133984965040091e-06 6.982040031569887450e-02 0.000000000000000000e+00
-5.415871378079464646e-06 6.822319955792761903e-02 0.000000000000000000e+00
-4.937047852839003774e-06 6.666253611946554303e-02 0.000000000000000000e+00
-4.500557675700497562e-06 6.513757417820577322e-02 0.000000000000000000e+00
-4.102658105827190016e-06 6.364749703217977006e-02 0.000000000000000000e+00
-3.739937302478801438e-06 6.219150666216782114e-02 0.000000000000000000e+00
-3.409285069746807414e-06 6.076882330431522539e-02 0.000000000000000000e+00
-3.107866187782014044e-06 5.937868503252573954e-02 6.938893903907228378e-18
-2.833096101839324281e-06 5.802034735040728641e-02 -6.938893903907228378e-18
-2.582618760682674597e-06 5.669308279255307059e-02 0.000000000000000000e+00
-2.354286414322420241e-06 5.539618053494325955e-02 6.938893903907228378e-18
-2.146141197858401321e-06 5.412894601425904256e-02 0.000000000000000000e+00
-1.956398343517064956e-06 5.289070055590563979e-02 -6.938893903907228378e-18
-1.783430876931909385e-06 5.168078101054392193e-02 0.000000000000000000e+00
-1.625755666443793459e-06 5.049853939893732963e-02 0.000000000000000000e+00
-1.482020705798860061e-06 4.934334256492282217e-02 0.000000000000000000e+00
-1.350993521198025044e-06 4.821457183632043425e-02 0.000000000000000000e+00
-1.231550603292826123e-06 4.711162269360019000e-02 0.000000000000000000e+00
-1.122667773510813544e-06 4.603390444612787819e-02 -6.938893903907228378e-18
-1.023411402105452724e-06 4.498083991581764557e-02 0.000000000000000000e+00
-9.329304026284696006e-07 4.395186512802092688e-02 -6.938893903907228378e-18
-8.504489341802668154e-07 4.294642900948651004e-02 0.000000000000000000e+00
-7.752597488629464802e-07 4.196399309323044918e-02 6.938893903907228378e-18
-7.067181273927491134e-07 4.100403123015668866e-02 -6.938893903907228378e-18
-6.442363508721370433e-07 4.006602930727519440e-02 0.000000000000000000e+00
-5.872786613189488420e-07 3.914948497236576258e-02 0.000000000000000000e+00
-5.353566677410719087e-07 3.825390736494035937e-02 0.000000000000000000e+00
-4.880251583654433868e-07 3.737881685336027354e-02 0.000000000000000000e+00
-4.448782831127585240e-07 3.652374477796635488e-02 6.938893903907228378e-18
-4.055460735840827629e-07 3.568823320008595451e-02 -6.938893903907228378e-18
-3.696912707195032149e-07 3.487183465678118932e-02 0.000000000000000000e+00
-3.370064329271924916e-07 3.407411192120755883e-02 0.000000000000000000e+00
-3.072112998861759377e-07 3.329463776845487111e-02 0.000000000000000000e+00
-2.800503894183630768e-07 3.253299474674423847e-02 0.000000000000000000e+00
-2.552908068239516341e-07 3.178877495385967061e-02 0.000000000000000000e+00
-2.327202478960407430e-07 3.106157981869360485e-02 0.000000000000000000e+00
-2.121451784910627804e-07 3.035101988778994564e-02 0.000000000000000000e+00
-1.933891750455232150e-07 2.965671461677008361e-02 3.469446951953614189e-18
-1.762914118095947879e-07 2.897829216653013962e-02 -3.469446951953614189e-18
-1.607052818261638511e-07 2.831538920410053145e-02 0.000000000000000000e+00
-1.464971398307284823e-07 2.766765070806088966e-02 0.000000000000000000e+00
-1.335451562929897346e-07 2.703472977840634672e-02 0.000000000000000000e+00
-1.217382727739661997e-07 2.641628745076330179e-02 -3.469446951953614189e-18
-1.109752496412072128e-07 2.581199251485508106e-02 -3.469446951953614189e-18
-1.011637979766206998e-07 2.522152133712048452e-02 0.000000000000000000e+00
-9.221978823334321696e-08 2.464455768738995842e-02 -3.469446951953614189e-18
-8.406652885618316896e-08 2.408079256952675579e-02 0.000000000000000000e+00
-7.663410868007461840e-08 2.352992405594232436e-02 0.000000000000000000e+00
-6.985879746785248944e-08 2.299165712589723576e-02 -3.469446951953614189e-18
-6.368249944718586734e-08 2.246570350750123207e-02 3.469446951953614189e-18
-5.805225516094895341e-08 2.195178152332755150e-02 0.000000000000000000e+00
-5.291978735958436733e-08 2.144961593955899831e-02 -3.469446951953614189e-18
-4.824108704165373813e-08 2.095893781858492594e-02 -3.469446951953614189e-18
-4.397603609302721429e-08 2.047948437497015134e-02 0.000000000000000000e+00
-4.008806328898464426e-08 2.001099883471879268e-02 0.000000000000000000e+00
-3.654383070957254780e-08 1.955323029775746235e-02 0.000000000000000000e+00
-3.331294787934669988e-08 1.910593360356432555e-02 0.000000000000000000e+00
-3.036771118035460432e-08 1.866886919987201937e-02 -3.469446951953614189e-18
-2.768286630392066656e-08 1.824180301437404103e-02 0.000000000000000000e+00
-2.523539170434765942e-08 1.782450632936605564e-02 3.469446951953614189e-18
-2.300430119772916963e-08 1.741675565925481298e-02 -3.469446951953614189e-18
-2.097046401323230653e-08 1.701833263086917694e-02 0.000000000000000000e+00
-1.911644075385703529e-08 1.662902386650915929e-02 3.469446951953614189e-18
-1.742633386009650837e-08 1.624862086967025082e-02 -3.469446951953614189e-18
-1.588565129428052629e-08 1.587691991338198785e-02 0.000000000000000000e+00
-1.448118227674533014e-08 1.551372193110079831e-02 0.000000000000000000e+00
-1.320088400831416734e-08 1.515883241009879749e-02 0.000000000000000000e+00
-1.203377840777590565e-08 1.481206128729140904e-02 0.000000000000000000e+00
-1.096985797892384102e-08 1.447322284744797030e-02 0.000000000000000000e+00
-1.000000000000000021e-08 1.414213562373095069e-02 0.000000000000000000e+00
0.000000000000000000e+00 0.000000000000000000e+00 0.000000000000000000e+00
4.081632653061224164e-02 0.000000000000000000e+00 0.000000000000000000e+00
8.163265306122448328e-02 0.000000000000000000e+00 0.000000000000000000e+00
1.224489795918367319e-01 0.000000000000000000e+00 0.000000000000000000e+00
1.632653061224489666e-01 0.000000000000000000e+00 0.000000000000000000e+00
2.040816326530612013e-01 0.000000000000000000e+00 0.000000000000000000e+00
2.448979591836734637e-01 0.000000000000000000e+00 0.000000000000000000e+00
2.857142857142856984e-01 0.000000000000000000e+00 0.000000000000000000e+00
3.265306122448979331e-01 0.000000000000000000e+00 0.000000000000000000e+00
3.673469387755101678e-01 0.000000000000000000e+00 0.000000000000000000e+00
4.081632653061224025e-01 0.000000000000000000e+00 0.000000000000000000e+00
4.489795918367346372e-01 0.000000000000000000e+00 0.000000000000000000e+00
4.897959183673469274e-01 0.000000000000000000e+00 0.000000000000000000e+00
5.306122448979591066e-01 0.000000000000000000e+00 0.000000000000000000e+00
5.714285714285713969e-01 0.000000000000000000e+00 0.000000000000000000e+00
6.122448979591835760e-01 0.000000000000000000e+00 0.000000000000000000e+00
6.530612244897958663e-01 0.000000000000000000e+00 0.000000000000000000e+00
6.938775510204081565e-01 0.000000000000000000e+00 0.000000000000000000e+00
7.346938775510203357e-01 0.000000000000000000e+00 0.000000000000000000e+00
7.755102040816326259e-01 0.000000000000000000e+00 0.000000000000000000e+00
8.163265306122448051e-01 0.000000000000000000e+00 0.000000000000000000e+00
8.571428571428570953e-01 0.000000000000000000e+00 0.000000000000000000e+00
8.979591836734692745e-01 0.000000000000000000e+00 0.000000000000000000e+00
9.387755102040815647e-01 0.000000000000000000e+00 0.000000000000000000e+00
9.795918367346938549e-01 0.000000000000000000e+00 0.000000000000000000e+00
1.020408163265306145e+00 0.000000000000000000e+00 0.000000000000000000e+00
1.061224489795918213e+00 0.000000000000000000e+00 0.000000000000000000e+00
1.102040816326530503e+00 0.000000000000000000e+00 0.000000000000000000e+00
1.142857142857142794e+00 0.000000000000000000e+00 0.000000000000000000e+00
1.183673469387755084e+00 0.000000000000000000e+00 0.000000000000000000e+00
1.224489795918367152e+00 0.000000000000000000e+00 0.000000000000000000e+00
1.265306122448979442e+00 0.000000000000000000e+00 0.000000000000000000e+00
1.306122448979591733e+00 0.000000000000000000e+00 0.000000000000000000e+00
1.346938775510204023e+00 0.000000000000000000e+00 0.000000000000000000e+00
1.387755102040816313e+00 0.000000000000000000e+00 0.000000000000000000e+00
1.428571428571428381e+00 0.000000000000000000e+00 0.000000000000000000e+00
1.469387755102040671e+00 0.000000000000000000e+00 0.000000000000000000e+00
1.510204081632652962e+00 0.000000000000000000e+00 0.000000000000000000e+00
1.551020408163265252e+00 0.000000000000000000e+00 0.000000000000000000e+00
1.591836734693877320e+00 0.000000000000000000e+00 0.000000000000000000e+00
1.632653061224489610e+00 0.000000000000000000e+00 0.000000000000000000e+00
1.673469387755101900e+00 0.000000000000000000e+00 0.000000000000000000e+00
1.714285714285714191e+00 0.000000000000000000e+00 0.000000000000000000e+00
1.755102040816326481e+00 0.000000000000000000e+00 0.000000000000000000e+00
1.795918367346938549e+00 0.000000000000000000e+00 0.000000000000000000e+00
1.836734693877550839e+00 0.000000000000000000e+00 0.000000000000000000e+00
1.877551020408163129e+00 0.000000000000000000e+00 0.000000000000000000e+00
1.918367346938775420e+00 0.000000000000000000e+00 0.000000000000000000e+00
1.959183673469387710e+00 0.000000000000000000e+00 0.000000000000000000e+00
2.000000000000000000e+00 0.000000000000000000e+00 0.000000000000000000e+00
