# Final verification for m=2, c=1.0
# xi f residual
-5.000000000000000000e+00 3.162277660168379523e+00 -4.440892098500626162e-16
-4.975376884422110457e+00 3.154481537248905898e+00 -4.440892098500626162e-16
-4.950753768844220915e+00 3.146666098855809945e+00 0.000000000000000000e+00
-4.926130653266331372e+00 3.138831200707145719e+00 0.000000000000000000e+00
-4.901507537688441829e+00 3.130976696715720209e+00 0.000000000000000000e+00
-4.876884422110553174e+00 3.123102438957311211e+00 -4.440892098500626162e-16
-4.852261306532663632e+00 3.115208277638162659e+00 4.440892098500626162e-16
-4.827638190954774089e+00 3.107294061061737889e+00 4.440892098500626162e-16
-4.803015075376884546e+00 3.099359635594709061e+00 4.440892098500626162e-16
-4.778391959798995003e+00 3.091404845632158338e+00 4.440892098500626162e-16
-4.753768844221105461e+00 3.083429533561973912e+00 -4.440892098500626162e-16
-4.729145728643215918e+00 3.075433539728412491e+00 -4.440892098500626162e-16
-4.704522613065326375e+00 3.067416702394810457e+00 0.000000000000000000e+00
-4.679899497487436832e+00 3.059378857705412180e+00 0.000000000000000000e+00
-4.655276381909548178e+00 3.051319839646295939e+00 0.000000000000000000e+00
-4.630653266331658635e+00 3.043239480005363706e+00 -4.440892098500626162e-16
-4.606030150753769092e+00 3.035137608331381465e+00 0.000000000000000000e+00
-4.581407035175879550e+00 3.027014051892022550e+00 -4.440892098500626162e-16
-4.556783919597990007e+00 3.018868635630901576e+00 -4.440892098500626162e-16
-4.532160804020100464e+00 3.010701182123559860e+00 0.000000000000000000e+00
-4.507537688442210921e+00 3.002511511532373945e+00 0.000000000000000000e+00
-4.482914572864321379e+00 2.994299441560352992e+00 0.000000000000000000e+00
-4.458291457286431836e+00 2.986064787403793552e+00 0.000000000000000000e+00
-4.433668341708542293e+00 2.977807361703756150e+00 0.000000000000000000e+00
-4.409045226130652750e+00 2.969526974496326410e+00 4.440892098500626162e-16
-4.384422110552764096e+00 2.961223433161626062e+00 4.440892098500626162e-16
-4.359798994974874553e+00 2.952896542371532096e+00 0.000000000000000000e+00
-4.335175879396985010e+00 2.944546104036064982e+00 0.000000000000000000e+00
-4.310552763819095468e+00 2.936171917248407759e+00 -4.440892098500626162e-16
-4.285929648241205925e+00 2.927773778228504487e+00 0.000000000000000000e+00
-4.261306532663316382e+00 2.919351480265202969e+00 4.440892098500626162e-16
-4.236683417085426839e+00 2.910904813656890244e+00 0.000000000000000000e+00
-4.212060301507537297e+00 2.902433565650568870e+00 0.000000000000000000e+00
-4.187437185929647754e+00 2.893937520379335382e+00 4.440892098500626162e-16
-4.162814070351759099e+00 2.885416458798195638e+00 0.000000000000000000e+00
-4.138190954773869557e+00 2.876870158618170858e+00 4.440892098500626162e-16
-4.113567839195980014e+00 2.868298394238639748e+00 -4.440892098500626162e-16
-4.088944723618090471e+00 2.859700936677851413e+00 0.000000000000000000e+00
-4.064321608040200928e+00 2.851077553501553119e+00 0.000000000000000000e+00
-4.039698492462311386e+00 2.842428008749671609e+00 0.000000000000000000e+00
-4.015075376884421843e+00 2.833752062860977361e+00 -4.440892098500626162e-16
-3.990452261306532300e+00 2.825049472595668298e+00 0.000000000000000000e+00
-3.965829145728643201e+00 2.816319990955801433e+00 0.000000000000000000e+00
-3.941206030150753659e+00 2.807563367103493857e+00 0.000000000000000000e+00
-3.916582914572864560e+00 2.798779346276824675e+00 0.000000000000000000e+00
-3.891959798994975017e+00 2.789967669703351749e+00 0.000000000000000000e+00
-3.867336683417085474e+00 2.781128074511163284e+00 -4.440892098500626162e-16
-3.842713567839195932e+00 2.772260293637376360e+00 0.000000000000000000e+00
-3.818090452261306389e+00 2.763364055733991353e+00 0.000000000000000000e+00
-3.793467336683416846e+00 2.754439085071012094e+00 -4.440892098500626162e-16
-3.768844221105527303e+00 2.745485101436730524e+00 0.000000000000000000e+00
-3.744221105527638205e+00 2.736501820035074584e+00 0.000000000000000000e+00
-3.719597989949748662e+00 2.727488951379912763e+00 0.000000000000000000e+00
-3.694974874371859119e+00 2.718446201186206501e+00 -4.440892098500626162e-16
-3.670351758793970021e+00 2.709373270257891431e+00 0.000000000000000000e+00
-3.645728643216080478e+00 2.700269854372366218e+00 0.000000000000000000e+00
-3.621105527638190935e+00 2.691135644161472218e+00 0.000000000000000000e+00
-3.596482412060301392e+00 2.681970324988813825e+00 0.000000000000000000e+00
-3.571859296482411850e+00 2.672773576823301411e+00 0.000000000000000000e+00
-3.547236180904522307e+00 2.663545074108760957e+00 0.000000000000000000e+00
-3.522613065326632764e+00 2.654284485629463397e+00 0.000000000000000000e+00
-3.497989949748743665e+00 2.644991474371417794e+00 0.000000000000000000e+00
-3.473366834170854123e+00 2.635665697379261374e+00 0.000000000000000000e+00
-3.448743718592965024e+00 2.626306805608577211e+00 0.000000000000000000e+00
-3.424120603015075481e+00 2.616914443773458832e+00 0.000000000000000000e+00
-3.399497487437185939e+00 2.607488250189130330e+00 0.000000000000000000e+00
-3.374874371859296396e+00 2.598027856609430586e+00 0.000000000000000000e+00
-3.350251256281406853e+00 2.588532888058951098e+00 0.000000000000000000e+00
-3.325628140703517310e+00 2.579002962659608045e+00 0.000000000000000000e+00
-3.301005025125627768e+00 2.569437691451430084e+00 0.000000000000000000e+00
-3.276381909547738669e+00 2.559836678207318084e+00 0.000000000000000000e+00
-3.251758793969849126e+00 2.550199519241523660e+00 0.000000000000000000e+00
-3.227135678391959583e+00 2.540525803211594713e+00 0.000000000000000000e+00
-3.202512562814070485e+00 2.530815110913505972e+00 0.000000000000000000e+00
-3.177889447236180942e+00 2.521067015069683226e+00 -4.440892098500626162e-16
-3.153266331658291399e+00 2.511281080109628583e+00 0.000000000000000000e+00
-3.128643216080401857e+00 2.501456861942816801e+00 0.000000000000000000e+00
-3.104020100502512314e+00 2.491593907723532730e+00 0.000000000000000000e+00
-3.079396984924622771e+00 2.481691755607300376e+00 0.000000000000000000e+00
-3.054773869346733228e+00 2.471749934498525647e+00 0.000000000000000000e+00
-3.030150753768844130e+00 2.461767963788969560e+00 0.000000000000000000e+00
-3.005527638190954587e+00 2.451745353086635326e+00 0.000000000000000000e+00
-2.980904522613065044e+00 2.441681601934644341e+00 0.000000000000000000e+00
-2.956281407035175945e+00 2.431576199519635217e+00 0.000000000000000000e+00
-2.931658291457286403e+00 2.421428624369211580e+00 0.000000000000000000e+00
-2.907035175879396860e+00 2.411238344037933246e+00 0.000000000000000000e+00
-2.882412060301507317e+00 2.401004814781306340e+00 0.000000000000000000e+00
-2.857788944723617774e+00 2.390727481217220340e+00 0.000000000000000000e+00
-2.833165829145728676e+00 2.380405775974225868e+00 0.000000000000000000e+00
-2.808542713567839133e+00 2.370039119326024402e+00 0.000000000000000000e+00
-2.783919597989949590e+00 2.359626918811509544e+00 0.000000000000000000e+00
-2.759296482412060048e+00 2.349168568839647975e+00 0.000000000000000000e+00
-2.734673366834170505e+00 2.338663450278458011e+00 0.000000000000000000e+00
-2.710050251256281406e+00 2.328110930027296188e+00 0.000000000000000000e+00
-2.685427135678391863e+00 2.317510360571616523e+00 0.000000000000000000e+00
-2.660804020100502321e+00 2.306861079519311630e+00 0.000000000000000000e+00
-2.636180904522612778e+00 2.296162409117705749e+00 0.000000000000000000e+00
-2.611557788944723235e+00 2.285413655750189843e+00 0.000000000000000000e+00
-2.586934673366834136e+00 2.274614109411455587e+00 0.000000000000000000e+00
-2.562311557788944594e+00 2.263763043160190946e+00 0.000000000000000000e+00
-2.537688442211055051e+00 2.252859712548056059e+00 0.000000000000000000e+00
-2.513065326633165508e+00 2.241903355023657340e+00 0.000000000000000000e+00
-2.488442211055276410e+00 2.230893189310181324e+00 0.000000000000000000e+00
-2.463819095477386867e+00 2.219828414755242729e+00 0.000000000000000000e+00
-2.439195979899497324e+00 2.208708210651419535e+00 0.000000000000000000e+00
-2.414572864321607781e+00 2.197531735525841246e+00 0.000000000000000000e+00
-2.389949748743718239e+00 2.186298126397092201e+00 0.000000000000000000e+00
-2.365326633165829140e+00 2.175006497997570953e+00 0.000000000000000000e+00
-2.340703517587939597e+00 2.163655941959321538e+00 0.000000000000000000e+00
-2.316080402010050054e+00 2.152245525961222761e+00 0.000000000000000000e+00
-2.291457286432160512e+00 2.140774292835263104e+00 0.000000000000000000e+00
-2.266834170854270969e+00 2.129241259629481853e+00 0.000000000000000000e+00
-2.242211055276381870e+00 2.117645416624974963e+00 0.000000000000000000e+00
-2.217587939698492328e+00 2.105985726304189676e+00 -4.440892098500626162e-16
-2.192964824120602785e+00 2.094261122267518260e+00 0.000000000000000000e+00
-2.168341708542713242e+00 2.082470508094994788e+00 0.000000000000000000e+00
-2.143718592964823699e+00 2.070612756149649236e+00 0.000000000000000000e+00
-2.119095477386934601e+00 2.058686706318828996e+00 0.000000000000000000e+00
-2.094472361809045058e+00 2.046691164689506959e+00 4.440892098500626162e-16
-2.069849246231155515e+00 2.034624902153296500e+00 0.000000000000000000e+00
-2.045226130653265972e+00 2.022486652936560603e+00 0.000000000000000000e+00
-2.020603015075376874e+00 2.010275113050637774e+00 0.000000000000000000e+00
-1.995979899497487331e+00 1.997988938656812152e+00 0.000000000000000000e+00
-1.971356783919597788e+00 1.985626744340233563e+00 0.000000000000000000e+00
-1.946733668341708245e+00 1.973187101286498990e+00 0.000000000000000000e+00
-1.922110552763818703e+00 1.960668535354111564e+00 0.000000000000000000e+00
-1.897487437185929604e+00 1.948069525035454053e+00 0.000000000000000000e+00
-1.872864321608040061e+00 1.935388499298288156e+00 0.000000000000000000e+00
-1.848241206030150519e+00 1.922623835299120953e+00 2.220446049250313081e-16
-1.823618090452260976e+00 1.909773855959003841e+00 0.000000000000000000e+00
-1.798994974874371433e+00 1.896836827391524150e+00 0.000000000000000000e+00
-1.774371859296482334e+00 1.883810956171814155e+00 0.000000000000000000e+00
-1.749748743718592792e+00 1.870694386434402556e+00 0.000000000000000000e+00
-1.725125628140703249e+00 1.857485196786614168e+00 0.000000000000000000e+00
-1.700502512562813706e+00 1.844181397022979230e+00 0.000000000000000000e+00
-1.675879396984924163e+00 1.830780924624748396e+00 -2.220446049250313081e-16
-1.651256281407035065e+00 1.817281641027078232e+00 0.000000000000000000e+00
-1.626633165829145522e+00 1.803681327634760079e+00 0.000000000000000000e+00
-1.602010050251255979e+00 1.789977681565474654e+00 0.000000000000000000e+00
-1.577386934673366436e+00 1.776168311097440222e+00 0.000000000000000000e+00
-1.552763819095477338e+00 1.762250730795976938e+00 0.000000000000000000e+00
-1.528140703517587795e+00 1.748222356290862534e+00 0.000000000000000000e+00
-1.503517587939698252e+00 1.734080498673402637e+00 0.000000000000000000e+00
-1.478894472361808710e+00 1.719822358478810376e+00 0.000000000000000000e+00
-1.454271356783919167e+00 1.705445019215758418e+00 -2.220446049250313081e-16
-1.429648241206030068e+00 1.690945440400742239e+00 0.000000000000000000e+00
-1.405025125628140525e+00 1.676320450050133193e+00 2.220446049250313081e-16
-1.380402010050250983e+00 1.661566736577409387e+00 0.000000000000000000e+00
-1.355778894472361440e+00 1.646680840036927940e+00 -2.220446049250313081e-16
-1.331155778894471897e+00 1.631659142648655081e+00 0.000000000000000000e+00
-1.306532663316582799e+00 1.616497858530337117e+00 0.000000000000000000e+00
-1.281909547738693256e+00 1.601193022554553425e+00 0.000000000000000000e+00
-1.257286432160803713e+00 1.585740478237724460e+00 0.000000000000000000e+00
-1.232663316582914170e+00 1.570135864556258198e+00 0.000000000000000000e+00
-1.208040201005024628e+00 1.554374601571336001e+00 -2.220446049250313081e-16
-1.183417085427135529e+00 1.538451874728056223e+00 2.220446049250313081e-16
-1.158793969849245986e+00 1.522362617676384033e+00 -2.220446049250313081e-16
-1.134170854271356443e+00 1.506101493440170858e+00 0.000000000000000000e+00
-1.109547738693466901e+00 1.489662873735844162e+00 -2.220446049250313081e-16
-1.084924623115577802e+00 1.473040816213575077e+00 -2.220446049250313081e-16
-1.060301507537688259e+00 1.456229039360009692e+00 0.000000000000000000e+00
-1.035678391959798716e+00 1.439220894762022862e+00 0.000000000000000000e+00
-1.011055276381909174e+00 1.422009336384194800e+00 2.220446049250313081e-16
-9.864321608040196310e-01 1.404586886457380945e+00 2.220446049250313081e-16
-9.618090452261300882e-01 1.386945597509960049e+00 0.000000000000000000e+00
-9.371859296482405455e-01 1.369077009994865479e+00 -2.220446049250313081e-16
-9.125628140703518909e-01 1.350972104871415835e+00 0.000000000000000000e+00
-8.879396984924623482e-01 1.332621250387717948e+00 0.000000000000000000e+00
-8.633165829145728054e-01 1.314014142172429400e+00 0.000000000000000000e+00
-8.386934673366832627e-01 1.295139735578121565e+00 -2.220446049250313081e-16
-8.140703517587937199e-01 1.275986169015004501e+00 0.000000000000000000e+00
-7.894472361809041772e-01 1.256540676763712394e+00 0.000000000000000000e+00
-7.648241206030146344e-01 1.236789489446781021e+00 0.000000000000000000e+00
-7.402010050251250917e-01 1.216717719954077959e+00 -2.220446049250313081e-16
-7.155778894472355489e-01 1.196309232136269607e+00 -2.220446049250313081e-16
-6.909547738693460062e-01 1.175546488973826964e+00 0.000000000000000000e+00
-6.663316582914573516e-01 1.154410376158718776e+00 0.000000000000000000e+00
-6.417085427135678088e-01 1.132879996039799275e+00 0.000000000000000000e+00
-6.170854271356782661e-01 1.110932425609837182e+00 0.000000000000000000e+00
-5.924623115577887233e-01 1.088542430553617546e+00 0.000000000000000000e+00
-5.678391959798991806e-01 1.065682125194843621e+00 0.000000000000000000e+00
-5.432160804020096379e-01 1.042320565279232669e+00 2.220446049250313081e-16
-5.185929648241200951e-01 1.018423256631661999e+00 0.000000000000000000e+00
-4.939698492462305524e-01 9.939515574173930501e-01 -1.110223024625156540e-16
-4.693467336683410096e-01 9.688619444155508464e-01 1.110223024625156540e-16
-4.447236180904523550e-01 9.431051034645633324e-01 0.000000000000000000e+00
-4.201005025125628123e-01 9.166247896632109260e-01 1.110223024625156540e-16
-3.954773869346732695e-01 8.893563818117833364e-01 0.000000000000000000e+00
-3.708542713567837268e-01 8.612250244352909201e-01 -1.110223024625156540e-16
-3.462311557788941840e-01 8.321432037562935813e-01 0.000000000000000000e+00
-3.216080402010046413e-01 8.020075313873363809e-01 -1.110223024625156540e-16
-2.969849246231150985e-01 7.706943941967075995e-01 0.000000000000000000e+00
-2.723618090452255558e-01 7.380539398244894134e-01 1.110223024625156540e-16
-2.477386934673360130e-01 7.039015463363268443e-01 0.000000000000000000e+00
-2.231155778894464703e-01 6.680053561004529739e-01 -1.110223024625156540e-16
-1.984924623115578157e-01 6.300673968895038612e-01 0.000000000000000000e+00
-1.738693467336682730e-01 5.896937285297653153e-01 0.000000000000000000e+00
-1.492462311557787302e-01 5.463446369385879242e-01 0.000000000000000000e+00
-1.246231155778891875e-01 4.992456621301564756e-01 5.551115123125782702e-17
-1.000000000000000056e-01 4.472135954999579277e-01 0.000000000000000000e+00
-9.749649183484096482e-02 4.415800988152454587e-01 0.000000000000000000e+00
-9.505565920101211042e-02 4.360175666209151757e-01 0.000000000000000000e+00
-9.267593301146864748e-02 4.305251049856875789e-01 0.000000000000000000e+00
-9.035578346138919970e-02 4.251018312390319465e-01 0.000000000000000000e+00
-8.809371904473990711e-02 4.197468738293113621e-01 0.000000000000000000e+00
-8.588828559546259067e-02 4.144593721837222522e-01 0.000000000000000000e+00
-8.373806535266506423e-02 4.092384765699947358e-01 0.000000000000000000e+00
-8.164167604921455934e-02 4.040833479598350264e-01 0.000000000000000000e+00
-7.959777002314977201e-02 3.989931578940916213e-01 5.551115123125782702e-17
-7.760503335133571434e-02 3.939670883496125819e-01 0.000000000000000000e+00
-7.566218500481063092e-02 3.890043316077871904e-01 0.000000000000000000e+00
-7.376797602527745967e-02 3.841040901247406714e-01 5.551115123125782702e-17
-7.192118872221178738e-02 3.792655764031631627e-01 -5.551115123125782702e-17
-7.012063589007176689e-02 3.744880128657572249e-01 -5.551115123125782702e-17
-6.836516004510238831e-02 3.697706317302724699e-01 5.551115123125782702e-17
-6.665363268124920026e-02 3.651126748861211468e-01 0.000000000000000000e+00
-6.498495354469902008e-02 3.605133937725449322e-01 0.000000000000000000e+00
-6.335804992658240764e-02 3.559720492583158258e-01 5.551115123125782702e-17
-6.177187597338488351e-02 3.514879115229566087e-01 5.551115123125782702e-17
-6.022541201461927701e-02 3.470602599394499443e-01 -5.551115123125782702e-17
-5.871766390733261509e-02 3.426883829584324026e-01 0.000000000000000000e+00
-5.724766239702167026e-02 3.383715779938429313e-01 5.551115123125782702e-17
-5.581446249454954933e-02 3.341091513100158950e-01 0.000000000000000000e+00
-5.441714286865887568e-02 3.299004179101895917e-01 0.000000000000000000e+00
-5.305480525369574152e-02 3.257447014264260865e-01 0.000000000000000000e+00
-5.172657387216024472e-02 3.216413340109142149e-01 0.000000000000000000e+00
-5.043159487171348238e-02 3.175896562286419367e-01 0.000000000000000000e+00
-4.916903577628021355e-02 3.135890169514238823e-01 0.000000000000000000e+00
-4.793808495089106614e-02 3.096387732532573933e-01 0.000000000000000000e+00
-4.673795107992463616e-02 3.057382903070030578e-01 0.000000000000000000e+00
-4.556786265841068773e-02 3.018869412823638188e-01 0.000000000000000000e+00
-4.442706749606873534e-02 2.980841072451489437e-01 0.000000000000000000e+00
-4.331483223376394326e-02 2.943291770578103650e-01 0.000000000000000000e+00
-4.223044187206672490e-02 2.906215472812252454e-01 0.000000000000000000e+00
-4.117319931161678853e-02 2.869606220777226602e-01 5.551115123125782702e-17
-4.014242490499326382e-02 2.833458131153282489e-01 0.000000000000000000e+00
-3.913745601980375688e-02 2.797765394732151245e-01 0.000000000000000000e+00
-3.815764661271244668e-02 2.762522275483491607e-01 0.000000000000000000e+00
-3.720236681413065932e-02 2.727723109633038434e-01 0.000000000000000000e+00
-3.627100252330648505e-02 2.693362304752425218e-01 0.000000000000000000e+00
-3.536295501355046778e-02 2.659434338860445224e-01 0.000000000000000000e+00
-3.447764054734456934e-02 2.625933759535627465e-01 0.000000000000000000e+00
-3.361449000108761992e-02 2.592855183040025380e-01 0.000000000000000000e+00
-3.277294849923381714e-02 2.560193293453985053e-01 0.000000000000000000e+00
-3.195247505759213347e-02 2.527942841821869124e-01 0.000000000000000000e+00
-3.115254223555491073e-02 2.496098645308510722e-01 0.000000000000000000e+00
-3.037263579703305266e-02 2.464655586366300000e-01 2.775557561562891351e-17
-2.961225437988031575e-02 2.433608611912783104e-01 0.000000000000000000e+00
-2.887090917359234551e-02 2.402952732518571499e-01 0.000000000000000000e+00
-2.814812360507581296e-02 2.372683021605533071e-01 -2.775557561562891351e-17
-2.744343303228368239e-02 2.342794614655056840e-01 0.000000000000000000e+00
-2.675638444552039946e-02 2.313282708426291634e-01 2.775557561562891351e-17
-2.608653617622545134e-02 2.284142560184256598e-01 0.000000000000000000e+00
-2.543345761304648123e-02 2.255369486937627288e-01 0.000000000000000000e+00
-2.479672892502160150e-02 2.226958864686171269e-01 0.000000000000000000e+00
-2.417594079169133395e-02 2.198906127677638378e-01 -2.775557561562891351e-17
-2.357069413996722845e-02 2.171206767674015436e-01 0.000000000000000000e+00
-2.298059988758848621e-02 2.143856333227041888e-01 0.000000000000000000e+00
-2.240527869300018224e-02 2.116850428962810948e-01 2.775557561562891351e-17
-2.184436071149428379e-02 2.090184714875423788e-01 0.000000000000000000e+00
-2.129748535745523350e-02 2.063854905629522729e-01 0.000000000000000000e+00
-2.076430107255770527e-02 2.037856769871607410e-01 0.000000000000000000e+00
-2.024446509976801645e-02 2.012186129550048164e-01 0.000000000000000000e+00
-1.973764326300255292e-02 1.986838859243625355e-01 -2.775557561562891351e-17
-1.924350975230332272e-02 1.961810885498565249e-01 0.000000000000000000e+00
-1.876174691439123215e-02 1.937098186173908665e-01 -2.775557561562891351e-17
-1.829204504846290019e-02 1.912696789795125807e-01 2.775557561562891351e-17
-1.783410220710006377e-02 1.888602774915893456e-01 0.000000000000000000e+00
-1.738762400216250364e-02 1.864812269487870211e-01 2.775557561562891351e-17
-1.695232341554121433e-02 1.841321450238453949e-01 -2.775557561562891351e-17
-1.652792061464897211e-02 1.818126542056353878e-01 2.775557561562891351e-17
-1.611414277253016628e-02 1.795223817384905829e-01 -2.775557561562891351e-17
-1.571072389247448950e-02 1.772609595623045875e-01 2.775557561562891351e-17
-1.531740463702079870e-02 1.750280242533794883e-01 0.000000000000000000e+00
-1.493393216124253367e-02 1.728232169660230133e-01 0.000000000000000000e+00
-1.456005995020651610e-02 1.706461833748795787e-01 0.000000000000000000e+00
-1.419554766050098657e-02 1.684965736179877827e-01 0.000000000000000000e+00
-1.384016096573130114e-02 1.663740422405568797e-01 0.000000000000000000e+00
-1.349367140588306549e-02 1.642782481394482463e-01 0.000000000000000000e+00
-1.315585624045705233e-02 1.622088545083593958e-01 0.000000000000000000e+00
-1.282649830528062584e-02 1.601655287836969421e-01 -2.775557561562891351e-17
-1.250538587290388887e-02 1.581479425911313519e-01 0.000000000000000000e+00
-1.219231251649109497e-02 1.561557716928266282e-01 0.000000000000000000e+00
-1.188707697711903315e-02 1.541886959353313546e-01 0.000000000000000000e+00
-1.158948303439811742e-02 1.522463991981296005e-01 0.000000000000000000e+00
-1.129933938033223992e-02 1.503285693428380865e-01 0.000000000000000000e+00
-1.101645949633654753e-02 1.484348981630435049e-01 0.000000000000000000e+00
-1.074066153333432319e-02 1.465650813347730841e-01 0.000000000000000000e+00
-1.047176819485520251e-02 1.447188183675862105e-01 0.000000000000000000e+00
-1.020960662306047602e-02 1.428958125562850567e-01 0.000000000000000000e+00
-9.954008287621537998e-03 1.410957709332320009e-01 0.000000000000000000e+00
-9.704808877380287011e-03 1.393184042212678164e-01 0.000000000000000000e+00
-9.461848194721992136e-03 1.375634267872241634e-01 0.000000000000000000e+00
-9.224970052592174410e-03 1.358305565960191141e-01 0.000000000000000000e+00
-8.994022174092054095e-03 1.341195151653334361e-01 0.000000000000000000e+00
-8.768856094587444000e-03 1.324300275208568078e-01 0.000000000000000000e+00
-8.549327066268366457e-03 1.307618221520973345e-01 0.000000000000000000e+00
-8.335293965098187693e-03 1.291146309687495330e-01 0.000000000000000000e+00
-8.126619200091946341e-03 1.274881892576088527e-01 0.000000000000000000e+00
-7.923168624866262430e-03 1.258822356400319253e-01 0.000000000000000000e+00
-7.724811451403416213e-03 1.242965120299312082e-01 0.000000000000000000e+00
-7.531420165974360599e-03 1.227307635922987306e-01 -1.387778780781445676e-17
-7.342870447166758088e-03 1.211847387022537414e-01 0.000000000000000000e+00
-7.159041085964888522e-03 1.196581889046035019e-01 0.000000000000000000e+00
-6.979813907830667054e-03 1.181508688739161816e-01 0.000000000000000000e+00
-6.805073696735220758e-03 1.166625363750953270e-01 0.000000000000000000e+00
-6.634708121092337124e-03 1.151929522244510978e-01 0.000000000000000000e+00
-6.468607661546320678e-03 1.137418802512629584e-01 -1.387778780781445676e-17
-6.306665540567405435e-03 1.123090872598242196e-01 0.000000000000000000e+00
-6.148777653810029789e-03 1.108943429919671819e-01 0.000000000000000000e+00
-5.994842503189420913e-03 1.094974200900589306e-01 -1.387778780781445676e-17
-5.844761131633625408e-03 1.081180940604635904e-01 0.000000000000000000e+00
-5.698437059469135986e-03 1.067561432374656005e-01 1.387778780781445676e-17
-5.555776222398878077e-03 1.054113487476455585e-01 0.000000000000000000e+00
-5.416686911033157317e-03 1.040834944747067725e-01 0.000000000000000000e+00
-5.281079711934319812e-03 1.027723670247437660e-01 0.000000000000000000e+00
-5.148867450137486861e-03 1.014777556919494172e-01 0.000000000000000000e+00
-5.019965133110078880e-03 1.001994524247520890e-01 0.000000000000000000e+00
-4.894289896114531989e-03 9.893725179238133105e-02 0.000000000000000000e+00
-4.771760948938750385e-03 9.769095095185377498e-02 0.000000000000000000e+00
-4.652299523960179428e-03 9.646034961537491847e-02 0.000000000000000000e+00
-4.535828825510181475e-03 9.524525001815241365e-02 0.000000000000000000e+00
-4.422273980505896963e-03 9.404545688661304637e-02 -1.387778780781445676e-17
-4.311561990318228677e-03 9.286077740702183836e-02 0.000000000000000000e+00
-4.203621683844718099e-03 9.169102119449556998e-02 0.000000000000000000e+00
-4.098383671757252836e-03 9.053600026240669896e-02 0.000000000000000000e+00
-3.995780301895265722e-03 8.939552899217349802e-02 -1.387778780781445676e-17
-3.895745615775501273e-03 8.826942410342894507e-02 0.000000000000000000e+00
-3.798215306190736145e-03 8.715750462456731129e-02 0.000000000000000000e+00
-3.703126675869930929e-03 8.605959186366074487e-02 0.000000000000000000e+00
-3.610418597173330104e-03 8.497550937974222840e-02 1.387778780781445676e-17
-3.520031472796675363e-03 8.390508295445127385e-02 0.000000000000000000e+00
-3.431907197459042706e-03 8.284814056403490279e-02 0.000000000000000000e+00
-3.345989120549974685e-03 8.180451235170312085e-02 0.000000000000000000e+00
-3.262222009711673257e-03 8.077403060033185034e-02 0.000000000000000000e+00
-3.180552015332913443e-03 7.975652970550954624e-02 0.000000000000000000e+00
-3.100926635931923383e-03 7.875184614892431767e-02 0.000000000000000000e+00
-3.023294684405776565e-03 7.775981847208462971e-02 0.000000000000000000e+00
-2.947606255124858490e-03 7.678028725037251701e-02 0.000000000000000000e+00
-2.873812691851069384e-03 7.581309506742313353e-02 0.000000000000000000e+00
-2.801866556459189569e-03 7.485808648982672509e-02 0.000000000000000000e+00
-2.731721598441373602e-03 7.391510804215026265e-02 0.000000000000000000e+00
-2.663332725174980854e-03 7.298400818227210318e-02 0.000000000000000000e+00
-2.596655972934872221e-03 7.206463727702891453e-02 0.000000000000000000e+00
-2.531648478631358130e-03 7.115684757816857775e-02 0.000000000000000000e+00
-2.468268452255687351e-03 7.026049319860611098e-02 0.000000000000000000e+00
-2.406475150015421893e-03 6.937543008897922858e-02 0.000000000000000000e+00
-2.346228848142262267e-03 6.850151601449798455e-02 0.000000000000000000e+00
-2.287490817355704049e-03 6.763861053208743146e-02 0.000000000000000000e+00
-2.230223297965940911e-03 6.678657496781731373e-02 0.000000000000000000e+00
-2.174389475600075478e-03 6.594527239461636658e-02 0.000000000000000000e+00
-2.119953457536068869e-03 6.511456761026780671e-02 -1.387778780781445676e-17
-2.066880249629082268e-03 6.429432711568078274e-02 0.000000000000000000e+00
-2.015135733815558595e-03 6.348441909343675860e-02 -1.387778780781445676e-17
-1.964686646180448769e-03 6.268471338660565328e-02 0.000000000000000000e+00
-1.915500555573523920e-03 6.189508147782865621e-02 0.000000000000000000e+00
-1.867545842761074004e-03 6.111539646866531034e-02 0.000000000000000000e+00
-1.820791680099462413e-03 6.034553305919937438e-02 0.000000000000000000e+00
-1.775208011717636101e-03 5.958536752790295765e-02 6.938893903907228378e-18
-1.730765534195727578e-03 5.883477771175357751e-02 0.000000000000000000e+00
-1.687435677727372203e-03 5.809364298660176645e-02 0.000000000000000000e+00
-1.645190587753660779e-03 5.736184424778653645e-02 -6.938893903907228378e-18
-1.604003107056819902e-03 5.663926389099385034e-02 0.000000000000000000e+00
-1.563846758302247847e-03 5.592578579335739236e-02 -6.938893903907228378e-18
-1.524695727017576089e-03 5.522129529479684329e-02 -6.938893903907228378e-18
-1.486524844997854158e-03 5.452567917959123128e-02 6.938893903907228378e-18
-1.449309574126215073e-03 5.383882565818491617e-02 -6.938893903907228378e-18
-1.413025990599533653e-03 5.316062434922173841e-02 0.000000000000000000e+00
-1.377650769549054917e-03 5.249096626180651398e-02 0.000000000000000000e+00
-1.343161170046018116e-03 5.182974377798944821e-02 0.000000000000000000e+00
-1.309535020482664952e-03 5.117685063547120633e-02 0.000000000000000000e+00
-1.276750704319264476e-03 5.053218191052637198e-02 6.938893903907228378e-18
-1.244787146187906202e-03 4.989563400114094271e-02 0.000000000000000000e+00
-1.213623798344241672e-03 4.926710461036332839e-02 0.000000000000000000e+00
-1.183240627458380509e-03 4.864649272986451556e-02 0.000000000000000000e+00
-1.153618101736476149e-03 4.803369862370533705e-02 6.938893903907228378e-18
-1.124737178364750706e-03 4.742862381230875807e-02 0.000000000000000000e+00
-1.096579291267809871e-03 4.683117105663299473e-02 6.938893903907228378e-18
-1.069126339173477169e-03 4.624124434254504867e-02 0.000000000000000000e+00
-1.042360673976403321e-03 4.565874886539059152e-02 0.000000000000000000e+00
-1.016265089392993145e-03 4.508359101475820085e-02 0.000000000000000000e+00
-9.908228099003786767e-04 4.451567835943598395e-02 0.000000000000000000e+00
-9.660174799522645676e-04 4.395491963255682144e-02 0.000000000000000000e+00
-9.418331534647960942e-04 4.340122471693157180e-02 0.000000000000000000e+00
-9.182542835656300369e-04 4.285450463056666992e-02 0.000000000000000000e+00
-8.952657125996382748e-04 4.231467151236408680e-02 0.000000000000000000e+00
-8.728526623848371089e-04 4.178163860800188784e-02 -6.938893903907228378e-18
-8.510007247122246699e-04 4.125532025599182306e-02 0.000000000000000000e+00
-8.296958520834915238e-04 4.073563187391332496e-02 0.000000000000000000e+00
-8.089243486805955006e-04 4.022248994482056222e-02 0.000000000000000000e+00
-7.886728615614139277e-04 3.971581200382068993e-02 0.000000000000000000e+00
-7.689283720758305352e-04 3.921551662482162387e-02 6.938893903907228378e-18
-7.496781874966877051e-04 3.872152340744582782e-02 0.000000000000000000e+00
-7.309099328602917988e-04 3.823375296410991275e-02 0.000000000000000000e+00
-7.126115430111759933e-04 3.775212690726645337e-02 0.000000000000000000e+00
-6.947712548460226005e-04 3.727656783680661362e-02 0.000000000000000000e+00
-6.773775997517744512e-04 3.680699932762176302e-02 0.000000000000000000e+00
-6.604193962330305243e-04 3.634334591732111402e-02 0.000000000000000000e+00
-6.438857427240426068e-04 3.588553309410472125e-02 0.000000000000000000e+00
-6.277660105806512434e-04 3.543348728478898368e-02 6.938893903907228378e-18
-6.120498372476690157e-04 3.498713584298288742e-02 0.000000000000000000e+00
-5.967271195973310833e-04 3.454640703741363589e-02 0.000000000000000000e+00
-5.817880074344935256e-04 3.411123004039853107e-02 -6.938893903907228378e-18
-5.672228971644549620e-04 3.368153491646290465e-02 0.000000000000000000e+00
-5.530224256192911320e-04 3.325725261110096947e-02 0.000000000000000000e+00
-5.391774640387494337e-04 3.283831493967830084e-02 0.000000000000000000e+00
-5.256791122018419265e-04 3.242465457647442789e-02 0.000000000000000000e+00
-5.125186927053333079e-04 3.201620504386281513e-02 -6.938893903907228378e-18
-4.996877453854888613e-04 3.161290070162777605e-02 0.000000000000000000e+00
-4.871780218794621127e-04 3.121467673641558499e-02 0.000000000000000000e+00
-4.749814803228494990e-04 3.082146915131884005e-02 0.000000000000000000e+00
-4.630902801799736631e-04 3.043321475559141939e-02 0.000000000000000000e+00
-4.514967772036101870e-04 3.004985115449360089e-02 0.000000000000000000e+00
-4.401935185208879207e-04 2.967131673926480528e-02 0.000000000000000000e+00
-4.291732378422148685e-04 2.929755067722265502e-02 0.000000000000000000e+00
-4.184288507901576032e-04 2.892849290198705112e-02 0.000000000000000000e+00
-4.079534503452448896e-04 2.856408410382678051e-02 3.469446951953614189e-18
-3.977403024058036828e-04 2.820426572012835545e-02 0.000000000000000000e+00
-3.877828414589461225e-04 2.784897992598458355e-02 0.000000000000000000e+00
-3.780746663599341361e-04 2.749816962490173392e-02 0.000000000000000000e+00
-3.686095362172154264e-04 2.715177843962400181e-02 0.000000000000000000e+00
-3.593813663804625697e-04 2.680975070307303754e-02 0.000000000000000000e+00
-3.503842245290675643e-04 2.647203144940212319e-02 -3.469446951953614189e-18
-3.416123268585531713e-04 2.613856640516281846e-02 -3.469446951953614189e-18
-3.330600343624581772e-04 2.580930198058282304e-02 0.000000000000000000e+00
-3.247218492073125260e-04 2.548418526095399747e-02 0.000000000000000000e+00
-3.165924111983520412e-04 2.516316399812837737e-02 3.469446951953614189e-18
-3.086664943337274645e-04 2.484618660212176144e-02 0.000000000000000000e+00
-3.009390034449724023e-04 2.453320213282287471e-02 3.469446951953614189e-18
-2.934049709215780927e-04 2.422416029180694125e-02 0.000000000000000000e+00
-2.860595535175739185e-04 2.391901141425263611e-02 -3.469446951953614189e-18
-2.788980292380439777e-04 2.361770646096034501e-02 -3.469446951953614189e-18
-2.719157943036019107e-04 2.332019701047149951e-02 3.469446951953614189e-18
-2.651083601908541497e-04 2.302643525128690583e-02 -3.469446951953614189e-18
-2.584713507469558655e-04 2.273637397418312375e-02 0.000000000000000000e+00
-2.520004993764089307e-04 2.244996656462583395e-02 0.000000000000000000e+00
-2.456916462982790305e-04 2.216716699527835482e-02 3.469446951953614189e-18
-2.395407358720879286e-04 2.188792981860495160e-02 0.000000000000000000e+00
-2.335438139906481701e-04 2.161221015956712316e-02 -3.469446951953614189e-18
-2.276970255381675402e-04 2.133996370841185694e-02 0.000000000000000000e+00
-2.219966119119952429e-04 2.107114671355098459e-02 0.000000000000000000e+00
-2.164389086064020347e-04 2.080571597452978913e-02 0.000000000000000000e+00
-2.110203428568596521e-04 2.054362883508459650e-02 0.000000000000000000e+00
-2.057374313432915687e-04 2.028484317628763758e-02 0.000000000000000000e+00
-2.005867779508229765e-04 2.002931740977824740e-02 0.000000000000000000e+00
-1.955650715865946999e-04 1.977701047107953067e-02 0.000000000000000000e+00
-1.906690840512252085e-04 1.952788181299882839e-02 0.000000000000000000e+00
-1.858956679635688372e-04 1.928189139911169747e-02 -3.469446951953614189e-18
-1.812417547374239608e-04 1.903899969732779709e-02 0.000000000000000000e+00
-1.767043526088943068e-04 1.879916767353780049e-02 0.000000000000000000e+00
-1.722805447131392292e-04 1.856235678534055161e-02 0.000000000000000000e+00
-1.679674872092653225e-04 1.832852897584884289e-02 0.000000000000000000e+00
-1.637624074521688963e-04 1.809764666757359905e-02 0.000000000000000000e+00
-1.596626022101428405e-04 1.786967275638492655e-02 0.000000000000000000e+00
-1.556654359271058901e-04 1.764457060554922713e-02 0.000000000000000000e+00
-1.517683390283403825e-04 1.742230403984159487e-02 0.000000000000000000e+00
-1.479688062686396383e-04 1.720283733973205012e-02 0.000000000000000000e+00
-1.442643951218158945e-04 1.698613523564532907e-02 0.000000000000000000e+00
-1.406527242105239149e-04 1.677216290229283091e-02 0.000000000000000000e+00
-1.371314717753942757e-04 1.656088595307595585e-02 0.000000000000000000e+00
-1.336983741824945252e-04 1.635227043456012261e-02 0.000000000000000000e+00
-1.303512244681508938e-04 1.614628282101802578e-02 0.000000000000000000e+00
-1.270878709202059463e-04 1.594289000904202183e-02 0.000000000000000000e+00
-1.239062156947918234e-04 1.574205931222416935e-02 0.000000000000000000e+00
-1.208042134677326439e-04 1.554375845590329902e-02 0.000000000000000000e+00
-1.177798701197118084e-04 1.534795557197842636e-02 1.734723475976807094e-18
-1.148312414543511137e-04 1.515461919378716105e-02 0.000000000000000000e+00
-1.119564319483879432e-04 1.496371825104896545e-02 -1.734723475976807094e-18
-1.091535935331393342e-04 1.477522206487194047e-02 1.734723475976807094e-18
-1.064209244064722414e-04 1.458910034282253146e-02 -1.734723475976807094e-18
-1.037566678745184941e-04 1.440532317405746401e-02 0.000000000000000000e+00
-1.011591112223829728e-04 1.422386102451672456e-02 0.000000000000000000e+00
-9.862658461312830713e-05 1.404468473217738815e-02 0.000000000000000000e+00
-9.615746001432095484e-05 1.386776550236706006e-02 0.000000000000000000e+00
-9.375015015145289155e-05 1.369307490313646791e-02 0.000000000000000000e+00
-9.140310748756223216e-05 1.352058486069017927e-02 1.734723475976807094e-18
-8.911482322840201975e-05 1.335026765487509065e-02 1.734723475976807094e-18
-8.688382635251175583e-05 1.318209591472553101e-02 -1.734723475976807094e-18
-8.470868266557402936e-05 1.301604261406469343e-02 -1.734723475976807094e-18
-8.258799387844272151e-05 1.285208106716128132e-02 0.000000000000000000e+00
-8.052039670825470135e-05 1.269018492444099096e-02 0.000000000000000000e+00
-7.850456200204508639e-05 1.253032816825202546e-02 -1.734723475976807094e-18
-7.653919388230140169e-05 1.237248510868381619e-02 0.000000000000000000e+00
-7.462302891391108092e-05 1.221663037943860122e-02 0.000000000000000000e+00
-7.275483529196232206e-05 1.206273893375483207e-02 0.000000000000000000e+00
-7.093341204987990039e-05 1.191078604038204453e-02 1.734723475976807094e-18
-6.915758828738525219e-05 1.176074727960644932e-02 0.000000000000000000e+00
-6.742622241778335670e-05 1.161259853932644637e-02 0.000000000000000000e+00
-6.573820143409585715e-05 1.146631601117777122e-02 0.000000000000000000e+00
-6.409244019356456464e-05 1.132187618670726925e-02 0.000000000000000000e+00
-6.248788072006888211e-05 1.117925585359498541e-02 1.734723475976807094e-18
-6.092349152400711648e-05 1.103843209192384434e-02 0.000000000000000000e+00
-5.939826693920350535e-05 1.089938227049620442e-02 0.000000000000000000e+00
-5.791122647641758420e-05 1.076208404319698581e-02 0.000000000000000000e+00
-5.646141419303672785e-05 1.062651534540243539e-02 0.000000000000000000e+00
-5.504789807854967469e-05 1.049265439043426014e-02 1.734723475976807094e-18
-5.366976945540475778e-05 1.036047966605839650e-02 0.000000000000000000e+00
-5.232614239486656866e-05 1.022996993102781062e-02 0.000000000000000000e+00
-5.101615314749833907e-05 1.010110421166897365e-02 0.000000000000000000e+00
-4.973895958790067998e-05 9.973861798511214280e-03 0.000000000000000000e+00
-4.849374067335233355e-05 9.848222242958608319e-03 0.000000000000000000e+00
-4.727969591600390635e-05 9.724165354003798389e-03 0.000000000000000000e+00
-4.609604486828429323e-05 9.601671194983120786e-03 0.000000000000000000e+00
-4.494202662119142105e-05 9.480720080372737751e-03 -1.734723475976807094e-18
-4.381689931514194311e-05 9.361292572624994521e-03 0.000000000000000000e+00
-4.271993966306776293e-05 9.243369479044723572e-03 0.000000000000000000e+00
-4.165044248545185317e-05 9.126931848704892408e-03 0.000000000000000000e+00
-4.060772025700361526e-05 9.011960969401012003e-03 0.000000000000000000e+00
-3.959110266468458876e-05 8.898438364644056103e-03 0.000000000000000000e+00
-3.859993617679771221e-05 8.786345790691112503e-03 1.734723475976807094e-18
-3.763358362286532385e-05 8.675665233613537308e-03 0.000000000000000000e+00
-3.669142378402493983e-05 8.566378906402043192e-03 0.000000000000000000e+00
-3.577285099367869843e-05 8.458469246108150930e-03 0.000000000000000000e+00
-3.487727474814177731e-05 8.351918911021799508e-03 1.734723475976807094e-18
-3.400411932703709724e-05 8.246710777884367141e-03 0.000000000000000000e+00
-3.315282342319423014e-05 8.142827939136898507e-03 0.000000000000000000e+00
-3.232283978181380398e-05 8.040253700202974405e-03 0.000000000000000000e+00
-3.151363484866476195e-05 7.938971576805746791e-03 0.000000000000000000e+00
-3.072468842709003239e-05 7.838965292318882463e-03 0.000000000000000000e+00
-2.995549334359816181e-05 7.740218775150759650e-03 8.673617379884035472e-19
-2.920555512182745176e-05 7.642716156161689402e-03 8.673617379884035472e-19
-2.847439166467247799e-05 7.546441766113679527e-03 0.000000000000000000e+00
-2.776153294436798261e-05 7.451380133152244942e-03 8.673617379884035472e-19
-2.706652070033241139e-05 7.357515980320044127e-03 -8.673617379884035472e-19
-2.638890814457507585e-05 7.264834223101732796e-03 0.000000000000000000e+00
-2.572825967447932223e-05 7.173319966999843963e-03 0.000000000000000000e+00
-2.508415059277541105e-05 7.082958505141112408e-03 8.673617379884035472e-19
-2.445616683452444078e-05 6.993735315913011952e-03 0.000000000000000000e+00
-2.384390470093720405e-05 6.905636060630070995e-03 0.000000000000000000e+00
-2.324697059985645546e-05 6.818646581229511824e-03 -8.673617379884035472e-19
-2.266498079273692845e-05 6.732752897996023729e-03 0.000000000000000000e+00
-2.209756114795903079e-05 6.647941207315093137e-03 0.000000000000000000e+00
-2.154434690031882321e-05 6.564197879454705155e-03 8.673617379884035472e-19
-2.100498241653915194e-05 6.481509456374981090e-03 0.000000000000000000e+00
-2.047912096665083489e-05 6.399862649565353848e-03 0.000000000000000000e+00
-1.996642450109793374e-05 6.319244337909072154e-03 0.000000000000000000e+00
-1.946656343342263208e-05 6.239641565574521008e-03 0.000000000000000000e+00
-1.897921642839099570e-05 6.161041539933162330e-03 0.000000000000000000e+00
-1.850407019542302264e-05 6.083431629503700290e-03 0.000000000000000000e+00
-1.804081928719380908e-05 6.006799361922088819e-03 0.000000000000000000e+00
-1.758916590327732596e-05 5.931132421937201742e-03 0.000000000000000000e+00
-1.714881969870540916e-05 5.856418649431648603e-03 -8.673617379884035472e-19
-1.671949759731988224e-05 5.782646037467602598e-03 0.000000000000000000e+00
-1.630092360979741085e-05 5.709802730357225152e-03 0.000000000000000000e+00
-1.589282865622976477e-05 5.637877021757350601e-03 0.000000000000000000e+00
-1.549495039314631713e-05 5.566857352788253180e-03 0.000000000000000000e+00
-1.510703304486655575e-05 5.496732310176029659e-03 0.000000000000000000e+00
-1.472882723907501804e-05 5.427490624418437187e-03 0.000000000000000000e+00
-1.436008984651260630e-05 5.359121167973832436e-03 0.000000000000000000e+00
-1.400058382468096031e-05 5.291612953472874664e-03 0.000000000000000000e+00
-1.365007806546013744e-05 5.224955131952835688e-03 0.000000000000000000e+00
-1.330834724654076001e-05 5.159136991114068350e-03 -8.673617379884035472e-19
-1.297517168657586877e-05 5.094147953598495565e-03 0.000000000000000000e+00
-1.265033720395903801e-05 5.029977575289782538e-03 0.000000000000000000e+00
-1.233363497913774693e-05 4.966615543634869505e-03 0.000000000000000000e+00
-1.202486142037412267e-05 4.904051675986728816e-03 0.000000000000000000e+00
-1.172381803286599682e-05 4.842275917967912673e-03 0.000000000000000000e+00
-1.143031129114478678e-05 4.781278341854777909e-03 0.000000000000000000e+00
-1.114415251466788068e-05 4.721049144982051270e-03 0.000000000000000000e+00
-1.086515774652537261e-05 4.661578648167457629e-03 0.000000000000000000e+00
-1.059314763518370065e-05 4.602857294156250702e-03 0.000000000000000000e+00
-1.032794731918952453e-05 4.544875646085274994e-03 0.000000000000000000e+00
-1.006938631476027116e-05 4.487624385966426308e-03 0.000000000000000000e+00
-9.817298406188840434e-06 4.431094313189201141e-03 0.000000000000000000e+00
-9.571521538991855843e-06 4.375276343042084314e-03 0.000000000000000000e+00
-9.331897715733238134e-06 4.320161505252607427e-03 0.000000000000000000e+00
-9.098272894455568119e-06 4.265740942545753756e-03 0.000000000000000000e+00
-8.870496889654403327e-06 4.212005909220547378e-03 0.000000000000000000e+00
-8.648423275731726255e-06 4.158947769744584556e-03 0.000000000000000000e+00
-8.431909292866250367e-06 4.106557997366225461e-03 0.000000000000000000e+00
-8.220815755240541055e-06 4.054828172744324825e-03 0.000000000000000000e+00
-8.015006961565396685e-06 4.003749982595165846e-03 0.000000000000000000e+00
-7.814350607844541998e-06 3.953315218356497594e-03 8.673617379884035472e-19
-7.618717702322999551e-06 3.903515774868342864e-03 -4.336808689942017736e-19
-7.427982482564910469e-06 3.854343649070464135e-03 0.000000000000000000e+00
-7.242022334607315201e-06 3.805790938716238723e-03 4.336808689942017736e-19
-7.060717714137765353e-06 3.757849841102692441e-03 0.000000000000000000e+00
-6.883952069645496021e-06 3.710512651816591165e-03 0.000000000000000000e+00
-6.711611767496287034e-06 3.663771763496270675e-03 0.000000000000000000e+00
-6.543586018883229431e-06 3.617619664609100262e-03 0.000000000000000000e+00
-6.379766808606282652e-06 3.572048938244346775e-03 0.000000000000000000e+00
-6.220048825634705644e-06 3.527052260921208823e-03 -4.336808689942017736e-19
-6.064329395408062056e-06 3.482622401411919217e-03 0.000000000000000000e+00
-5.912508413831880860e-06 3.438752219579619893e-03 4.336808689942017736e-19
-5.764488282925873171e-06 3.395434665230910847e-03 0.000000000000000000e+00
-5.620173848083187948e-06 3.352662776982853234e-03 0.000000000000000000e+00
-5.479472336900281072e-06 3.310429681144211062e-03 0.000000000000000000e+00
-5.342293299538352136e-06 3.268728590610836104e-03 4.336808689942017736e-19
-5.208548550577665794e-06 3.227552803774917569e-03 0.000000000000000000e+00
-5.078152112327670320e-06 3.186895703448002892e-03 0.000000000000000000e+00
-4.951020159556351225e-06 3.146750755797589685e-03 -4.336808689942017736e-19
-4.827070965603178453e-06 3.107111509297076374e-03 0.000000000000000000e+00
-4.706224849841281354e-06 3.067971593688990396e-03 -4.336808689942017736e-19
-4.588404126454761736e-06 3.029324718961228131e-03 0.000000000000000000e+00
-4.473533054498463085e-06 2.991164674336223728e-03 -4.336808689942017736e-19
-4.361537789208005296e-06 2.953485327272849497e-03 0.000000000000000000e+00
-4.252346334528677811e-06 2.916280622480860521e-03 0.000000000000000000e+00
-4.145888496832911392e-06 2.879544580947796754e-03 0.000000000000000000e+00
-4.042095839796309714e-06 2.843271298978101470e-03 0.000000000000000000e+00
-3.940901640403447568e-06 2.807454947244371075e-03 -4.336808689942017736e-19
-3.842240846055060925e-06 2.772089769850558452e-03 0.000000000000000000e+00
-3.746050032748989327e-06 2.737170083406944253e-03 0.000000000000000000e+00
-3.652267364308175514e-06 2.702690276116808451e-03 0.000000000000000000e+00
-3.560832552629281730e-06 2.668644806874561053e-03 0.000000000000000000e+00
-3.471686818926559579e-06 2.635028204375262136e-03 0.000000000000000000e+00
-3.384772855945982993e-06 2.601835066235361205e-03 -4.336808689942017736e-19
-3.300034791125281949e-06 2.569060058124481537e-03 0.000000000000000000e+00
-3.217418150676371353e-06 2.536697912908185328e-03 0.000000000000000000e+00
-3.136869824566879554e-06 2.504743429801495423e-03 0.000000000000000000e+00
-3.058338032378431778e-06 2.473191473533107709e-03 0.000000000000000000e+00
-2.981772290019673234e-06 2.442036973520128086e-03 0.000000000000000000e+00
-2.907123377272575278e-06 2.411274923053186546e-03 0.000000000000000000e+00
-2.834343306151309184e-06 2.380900378491846402e-03 0.000000000000000000e+00
-2.763385290053172796e-06 2.350908458470117850e-03 0.000000000000000000e+00
-2.694203713681882057e-06 2.321294343111998237e-03 0.000000000000000000e+00
-2.626754103723838405e-06 2.292053273256901540e-03 0.000000000000000000e+00
-2.560993100258456944e-06 2.263180549694812724e-03 0.000000000000000000e+00
-2.496878428884326819e-06 2.234671532411117937e-03 0.000000000000000000e+00
-2.434368873543107780e-06 2.206521639840909339e-03 0.000000000000000000e+00
-2.373424250023866098e-06 2.178726348132718586e-03 0.000000000000000000e+00
-2.314005380130654226e-06 2.151281190421491189e-03 0.000000000000000000e+00
-2.256074066496858976e-06 2.124181756110742319e-03 0.000000000000000000e+00
-2.199593068030074676e-06 2.097423690163756609e-03 0.000000000000000000e+00
-2.144526075971665166e-06 2.071002692403689244e-03 4.336808689942017736e-19
-2.090837690555749843e-06 2.044914516822524553e-03 0.000000000000000000e+00
-2.038493398252464128e-06 2.019154970898699546e-03 0.000000000000000000e+00
-1.987459549580981740e-06 1.993719914923348588e-03 0.000000000000000000e+00
-1.937703337477988979e-06 1.968605261335033916e-03 0.000000000000000000e+00
-1.889192776207664423e-06 1.943806974062838597e-03 -2.168404344971008868e-19
-1.841896680799710828e-06 1.919321067877759060e-03 0.000000000000000000e+00
-1.795784647002096750e-06 1.895143607752244538e-03 0.000000000000000000e+00
-1.750827031735723439e-06 1.871270708227819888e-03 2.168404344971008868e-19
-1.706994934038407828e-06 1.847698532790675776e-03 0.000000000000000000e+00
-1.664260176485901778e-06 1.824423293255105242e-03 2.168404344971008868e-19
-1.622595287078087214e-06 1.801441249154735668e-03 2.168404344971008868e-19
-1.581973481578601534e-06 1.778748707141400258e-03 -2.168404344971008868e-19
-1.542368646296627363e-06 1.756342020391601965e-03 0.000000000000000000e+00
-1.503755321299738418e-06 1.734217588020452779e-03 0.000000000000000000e+00
-1.466108684046982993e-06 1.712371854502977350e-03 0.000000000000000000e+00
-1.429404533431761129e-06 1.690801309102734967e-03 0.000000000000000000e+00
-1.393619274224143468e-06 1.669502485307610079e-03 0.000000000000000000e+00
-1.358729901902709220e-06 1.648471960272730351e-03 0.000000000000000000e+00
-1.324713987866117465e-06 1.627706354270399289e-03 2.168404344971008868e-19
-1.291549665014882683e-06 1.607202330146943704e-03 0.000000000000000000e+00
-1.259215613694150849e-06 1.586956592786425892e-03 -2.168404344971008868e-19
-1.227691047988360332e-06 1.566965888581088725e-03 0.000000000000000000e+00
-1.196955702359042833e-06 1.547227004908486572e-03 0.000000000000000000e+00
-1.166989818617147488e-06 1.527736769615202755e-03 0.000000000000000000e+00
-1.137774133221490236e-06 1.508492050507055302e-03 -2.168404344971008868e-19
-1.109289864895222755e-06 1.489489754845747631e-03 0.000000000000000000e+00
-1.081518702552289214e-06 1.470726828851836232e-03 -2.168404344971008868e-19
-1.054442793526168533e-06 1.452200257213975658e-03 0.000000000000000000e+00
-1.028044732093309784e-06 1.433907062604344558e-03 0.000000000000000000e+00
-1.002307548283864437e-06 1.415844305200161888e-03 0.000000000000000000e+00
-9.772146969725724298e-07 1.398009082211251232e-03 0.000000000000000000e+00
-9.527500472427299601e-07 1.380398527413536367e-03 0.000000000000000000e+00
-9.288978720164497203e-07 1.363009810688426207e-03 0.000000000000000000e+00
-9.056428379445294269e-07 1.345840137568002186e-03 0.000000000000000000e+00
-8.829699955494082870e-07 1.328886748785921331e-03 0.000000000000000000e+00
-8.608647696149245143e-07 1.312146919833998178e-03 0.000000000000000000e+00
-8.393129498166372955e-07 1.295617960524349504e-03 2.168404344971008868e-19
-8.183006815867389787e-07 1.279297214557070014e-03 0.000000000000000000e+00
-7.978144572076628753e-07 1.263182059093353972e-03 0.000000000000000000e+00
-7.778411071286482387e-07 1.247269904333980382e-03 0.000000000000000000e+00
-7.583677914997190131e-07 1.231558193103126590e-03 0.000000000000000000e+00
-7.393819919175857791e-07 1.216044400437406650e-03 0.000000000000000000e+00
-7.208715033782135733e-07 1.200726033180103463e-03 0.000000000000000000e+00
-7.028244264308353190e-07 1.185600629580496872e-03 0.000000000000000000e+00
-6.852291595284057501e-07 1.170665758898248266e-03 0.000000000000000000e+00
-6.680743915695614373e-07 1.155919021012770994e-03 0.000000000000000000e+00
-6.513490946272795813e-07 1.141358046037508310e-03 0.000000000000000000e+00
-6.350425168595961618e-07 1.126980493939088715e-03 0.000000000000000000e+00
-6.191441755977847954e-07 1.112784054161259804e-03 0.000000000000000000e+00
-6.036438506075864348e-07 1.098766445253572879e-03 0.000000000000000000e+00
-5.885315775191450570e-07 1.084925414504743718e-03 0.000000000000000000e+00
-5.737976414214127965e-07 1.071258737580620991e-03 0.000000000000000000e+00
-5.594325706169378030e-07 1.057764218166730875e-03 0.000000000000000000e+00
-5.454271305329836759e-07 1.044439687615310482e-03 0.000000000000000000e+00
-5.317723177850966182e-07 1.031283004596794976e-03 0.000000000000000000e+00
-5.184593543892912977e-07 1.018292054755698525e-03 0.000000000000000000e+00
-5.054796821191234928e-07 1.005464750370815797e-03 0.000000000000000000e+00
-4.928249570040513291e-07 9.927990300197229740e-04 -2.168404344971008868e-19
-4.804870439655133784e-07 9.802928582474865465e-04 0.000000000000000000e+00
-4.684580115873045201e-07 9.679442252395584374e-04 0.000000000000000000e+00
-4.567301270168746681e-07 9.557511464987888125e-04 -1.084202172485504434e-19
-4.452958509942650920e-07 9.437116625264997715e-04 0.000000000000000000e+00
-4.341478330055092418e-07 9.318238385075896689e-04 0.000000000000000000e+00
-4.232789065573553202e-07 9.200857639995907618e-04 1.084202172485504434e-19
-4.126820845702951630e-07 9.084955526256528616e-04 0.000000000000000000e+00
-4.023505548869293084e-07 8.970513417713941182e-04 0.000000000000000000e+00
-3.922776758927715612e-07 8.857512922855620158e-04 -1.084202172485504434e-19
-3.824569722466999067e-07 8.745935881844776926e-04 1.084202172485504434e-19
-3.728821307182837657e-07 8.635764363601912668e-04 1.084202172485504434e-19
-3.635469961293317715e-07 8.526980662923210660e-04 1.084202172485504434e-19
-3.544455673970435314e-07 8.419567297635235231e-04 0.000000000000000000e+00
-3.455719936762135798e-07 8.313507005785387722e-04 0.000000000000000000e+00
-3.369205705980267328e-07 8.208782742867870054e-04 0.000000000000000000e+00
-3.284857366030047033e-07 8.105377679084481554e-04 0.000000000000000000e+00
-3.202620693657649979e-07 8.003275196639998571e-04 0.000000000000000000e+00
-3.122442823092857863e-07 7.902458887071615390e-04 0.000000000000000000e+00
-3.044272212064299871e-07 7.802912548611960720e-04 0.000000000000000000e+00
-2.968058608665602192e-07 7.704620183585433879e-04 1.084202172485504434e-19
-2.893753019050953241e-07 7.607565995837240521e-04 0.000000000000000000e+00
-2.821307675939470486e-07 7.511734388194873111e-04 -1.084202172485504434e-19
-2.750676007908067580e-07 7.417109959961585121e-04 -1.084202172485504434e-19
-2.681812609453012906e-07 7.323677504441348293e-04 -1.084202172485504434e-19
-2.614673211801092158e-07 7.231422006495115146e-04 0.000000000000000000e+00
-2.549214654451425775e-07 7.140328640127743820e-04 0.000000000000000000e+00
-2.485394857429798321e-07 7.050382766105395488e-04 0.000000000000000000e+00
-2.423172794237600930e-07 6.961569929602950089e-04 0.000000000000000000e+00
-2.362508465477945104e-07 6.873875857880974152e-04 0.000000000000000000e+00
-2.303362873142131327e-07 6.787286457992075918e-04 -1.084202172485504434e-19
-2.245697995539771671e-07 6.701787814516021102e-04 -1.084202172485504434e-19
-2.189476762856620721e-07 6.617366187323504107e-04 0.000000000000000000e+00
-2.134663033324245399e-07 6.534008009367979486e-04 -1.084202172485504434e-19
-2.081221569986337122e-07 6.451699884505380156e-04 0.000000000000000000e+00
-2.029118018046678038e-07 6.370428585341300631e-04 0.000000000000000000e+00
-1.978318882784162208e-07 6.290181051105225678e-04 -1.084202172485504434e-19
-1.928791508020777632e-07 6.210944385551649344e-04 0.000000000000000000e+00
-1.880504055128583390e-07 6.132705854887519513e-04 0.000000000000000000e+00
-1.833425482562288736e-07 6.055452885725870265e-04 0.000000000000000000e+00
-1.787525525904235503e-07 5.979173063065219233e-04 0.000000000000000000e+00
-1.742774678408917394e-07 5.903854128294359124e-04 0.000000000000000000e+00
-1.699144172034626071e-07 5.829483977222385148e-04 0.000000000000000000e+00
-1.656605958949915327e-07 5.756050658133431402e-04 0.000000000000000000e+00
-1.615132693503089726e-07 5.683542369865979618e-04 0.000000000000000000e+00
-1.574697714643086635e-07 5.611947459916364050e-04 0.000000000000000000e+00
-1.535275028780421254e-07 5.541254422566106036e-04 0.000000000000000000e+00
-1.496839293077255471e-07 5.471451897032917787e-04 0.000000000000000000e+00
-1.459365799155757797e-07 5.402528665644926523e-04 0.000000000000000000e+00
-1.422830457214352017e-07 5.334473652037944420e-04 0.000000000000000000e+00
-1.387209780541621071e-07 5.267275919375442829e-04 0.000000000000000000e+00
-1.352480870417874100e-07 5.200924668590910932e-04 0.000000000000000000e+00
-1.318621401394748520e-07 5.135409236652417782e-04 0.000000000000000000e+00
-1.285609606943296583e-07 5.070719094848967880e-04 0.000000000000000000e+00
-1.253424265461399463e-07 5.006843847098487680e-04 0.000000000000000000e+00
-1.222044686631488745e-07 4.943773228277140511e-04 0.000000000000000000e+00
-1.191450698119774809e-07 4.881497102569609973e-04 0.000000000000000000e+00
-1.161622632608501812e-07 4.820005461840269948e-04 0.000000000000000000e+00
-1.132541315152812719e-07 4.759288424024777720e-04 -5.421010862427522170e-20
-1.104188050854160184e-07 4.699336231541982882e-04 5.421010862427522170e-20
-1.076544612842315905e-07 4.640139249725844109e-04 0.000000000000000000e+00
-1.049593230558226616e-07 4.581687965277047507e-04 0.000000000000000000e+00
-1.023316578330244973e-07 4.523972984734203487e-04 5.421010862427522170e-20
-9.976977642363211423e-08 4.466985032964227516e-04 0.000000000000000000e+00
-9.727203192450536562e-08 4.410714951671789266e-04 0.000000000000000000e+00
-9.483681866285927045e-08 4.355153697927531477e-04 5.421010862427522170e-20
-9.246257116405732931e-08 4.300292342714791272e-04 0.000000000000000000e+00
-9.014776314524917822e-08 4.246122069494686225e-04 5.421010862427522170e-20
-8.789090653419963781e-08 4.192634172789217709e-04 -5.421010862427522170e-20
-8.569055051268347811e-08 4.139820056782262487e-04 0.000000000000000000e+00
-8.354528058382871641e-08 4.087671233938187476e-04 5.421010862427522170e-20
-8.145371766280737258e-08 4.036179323637823120e-04 0.000000000000000000e+00
-7.941451719029339784e-08 3.985336050831683719e-04 5.421010862427522170e-20
-7.742636826811277423e-08 3.935133244710089379e-04 0.000000000000000000e+00
-7.548799281653431316e-08 3.885562837390081712e-04 0.000000000000000000e+00
-7.359814475265771541e-08 3.836616862618880673e-04 0.000000000000000000e+00
-7.175560918936920574e-08 3.788287454493632065e-04 5.421010862427522170e-20
-6.995920165435374296e-08 3.740566846197344365e-04 -5.421010862427522170e-20
-6.820776732865677696e-08 3.693447368750684703e-04 0.000000000000000000e+00
-6.650018030431118211e-08 3.646921449779558667e-04 -5.421010862427522170e-20
-6.483534286054727294e-08 3.600981612298160043e-04 0.000000000000000000e+00
-6.321218475812448096e-08 3.555620473507386950e-04 5.421010862427522170e-20
-6.162966255132942559e-08 3.510830743608396153e-04 -5.421010862427522170e-20
-6.008675891719681185e-08 3.466605224631060271e-04 -5.421010862427522170e-20
-5.858248200152535698e-08 3.422936809277242779e-04 0.000000000000000000e+00
-5.711586478126434916e-08 3.379818479778591567e-04 0.000000000000000000e+00
-5.568596444286409076e-08 3.337243306768749663e-04 0.000000000000000000e+00
-5.429186177618942706e-08 3.295204448169777151e-04 0.000000000000000000e+00
-5.293266058360556076e-08 3.253695148092566880e-04 0.000000000000000000e+00
-5.160748710385907706e-08 3.212708735751159642e-04 0.000000000000000000e+00
-5.031548945038056487e-08 3.172238624390686149e-04 -5.421010862427522170e-20
-4.905583706365045327e-08 3.132278310228848528e-04 0.000000000000000000e+00
-4.782772017727485049e-08 3.092821371410733704e-04 0.000000000000000000e+00
-4.663034929742726497e-08 3.053861466976760808e-04 0.000000000000000000e+00
-4.546295469532399297e-08 3.015392335843679133e-04 0.000000000000000000e+00
-4.432478591240400782e-08 2.977407795798352077e-04 0.000000000000000000e+00
-4.321511127789761914e-08 2.939901742504249572e-04 0.000000000000000000e+00
-4.213321743847288891e-08 2.902868148520455446e-04 0.000000000000000000e+00
-4.107840889965642750e-08 2.866301062333000008e-04 0.000000000000000000e+00
-4.005000757873611176e-08 2.830194607398441942e-04 0.000000000000000000e+00
-3.904735236885564278e-08 2.794542981199453404e-04 0.000000000000000000e+00
-3.806979871402283868e-08 2.759340454312328634e-04 0.000000000000000000e+00
-3.711671819475766704e-08 2.724581369486243150e-04 0.000000000000000000e+00
-3.618749812411276485e-08 2.690260140734080296e-04 0.000000000000000000e+00
-3.528154115380882893e-08 2.656371252434750873e-04 0.000000000000000000e+00
-3.439826489022927786e-08 2.622909258446783597e-04 0.000000000000000000e+00
-3.353710152002928723e-08 2.589868781233106688e-04 0.000000000000000000e+00
-3.269749744511768106e-08 2.557244510996853630e-04 0.000000000000000000e+00
-3.187891292677642288e-08 2.525031204828028300e-04 0.000000000000000000e+00
-3.108082173869064185e-08 2.493223685860963324e-04 0.000000000000000000e+00
-3.030271082866399584e-08 2.461816842442345076e-04 0.000000000000000000e+00
-2.954407998880379814e-08 2.430805627309752450e-04 2.710505431213761085e-20
-2.880444153396297831e-08 2.400185056780538380e-04 0.000000000000000000e+00
-2.808331998823169829e-08 2.369950209950905302e-04 0.000000000000000000e+00
-2.738025177927857825e-08 2.340096227905108148e-04 2.710505431213761085e-20
-2.669478494034323405e-08 2.310618312934580498e-04 2.710505431213761085e-20
-2.602647881969004320e-08 2.281511727766922636e-04 0.000000000000000000e+00
-2.537490379733571711e-08 2.252771794804601078e-04 2.710505431213761085e-20
-2.473964100886811721e-08 2.224393895373214555e-04 0.000000000000000000e+00
-2.412028207618006952e-08 2.196373468979265740e-04 -2.710505431213761085e-20
-2.351642884494350993e-08 2.168706012577246815e-04 0.000000000000000000e+00
-2.292769312865648615e-08 2.141387079845980868e-04 0.000000000000000000e+00
-2.235369645909796389e-08 2.114412280474078454e-04 2.710505431213761085e-20
-2.179406984302953731e-08 2.087777279454374054e-04 0.000000000000000000e+00
-2.124845352498882857e-08 2.061477796387282274e-04 0.000000000000000000e+00
-2.071649675602066755e-08 2.035509604792896498e-04 2.710505431213761085e-20
-2.019785756819878414e-08 2.009868531431784208e-04 0.000000000000000000e+00
-1.969220255479173433e-08 1.984550455634309814e-04 0.000000000000000000e+00
-1.919920665593282979e-08 1.959551308638425387e-04 0.000000000000000000e+00
-1.871855294965579294e-08 1.934867072935802146e-04 0.000000000000000000e+00
-1.824993244816150550e-08 1.910493781626179666e-04 2.710505431213761085e-20
-1.779304389918577470e-08 1.886427517779878851e-04 2.710505431213761085e-20
-1.734759359233932522e-08 1.862664413808312797e-04 0.000000000000000000e+00
-1.691329517029646907e-08 1.839200650842450554e-04 0.000000000000000000e+00
-1.648986944471064949e-08 1.816032458119108000e-04 0.000000000000000000e+00
-1.607704421673822121e-08 1.793156112374949855e-04 2.710505431213761085e-20
-1.567455410205594902e-08 1.770567937248155894e-04 0.000000000000000000e+00
-1.528214036025870888e-08 1.748264302687594740e-04 0.000000000000000000e+00
-1.489955072852853632e-08 1.726241624369458582e-04 0.000000000000000000e+00
-1.452653925946781286e-08 1.704496363121248245e-04 -2.710505431213761085e-20
-1.416286616299197367e-08 1.683025024352993683e-04 0.000000000000000000e+00
-1.380829765218092295e-08 1.661824157495667338e-04 0.000000000000000000e+00
-1.346260579298910954e-08 1.640890355446646446e-04 0.000000000000000000e+00
-1.312556835771842735e-08 1.620220254022176302e-04 0.000000000000000000e+00
-1.279696868215941519e-08 1.599810531416730945e-04 0.000000000000000000e+00
-1.247659552630868444e-08 1.579657907669169091e-04 0.000000000000000000e+00
-1.216424293857368051e-08 1.559759144135637317e-04 0.000000000000000000e+00
-1.185971012337670667e-08 1.540111042969090945e-04 0.000000000000000000e+00
-1.156280131207375345e-08 1.520710446605385473e-04 0.000000000000000000e+00
-1.127332563710487117e-08 1.501554237255842302e-04 0.000000000000000000e+00
-1.099109700929496082e-08 1.482639336406191483e-04 0.000000000000000000e+00
-1.071593399822671198e-08 1.463962704321849183e-04 0.000000000000000000e+00
-1.044765971560805215e-08 1.445521339559402744e-04 0.000000000000000000e+00
-1.018610170155975196e-08 1.427312278484267301e-04 0.000000000000000000e+00
-9.931091813749820521e-09 1.409332594794416910e-04 0.000000000000000000e+00
-9.682466119303113204e-09 1.391579399050094773e-04 0.000000000000000000e+00
-9.440064789417603438e-09 1.374049838209488218e-04 0.000000000000000000e+00
-9.203731996618230716e-09 1.356741095170204683e-04 0.000000000000000000e+00
-8.973315814583502006e-09 1.339650388316556329e-04 0.000000000000000000e+00
-8.748668120479896321e-09 1.322774971072547545e-04 0.000000000000000000e+00
-8.529644499741016484e-09 1.306112131460466705e-04 0.000000000000000000e+00
-8.316104153230961616e-09 1.289659191665066434e-04 0.000000000000000000e+00
-8.107909806731694996e-09 1.273413507603221269e-04 0.000000000000000000e+00
-7.904927622696436810e-09 1.257372468499007420e-04 0.000000000000000000e+00
-7.707027114212287566e-09 1.241533496464133869e-04 0.000000000000000000e+00
-7.514081061116962180e-09 1.225894046083670621e-04 0.000000000000000000e+00
-7.325965428215230231e-09 1.210451604006969740e-04 1.355252715606880543e-20
-7.142559285543133628e-09 1.195203688543767373e-04 0.000000000000000000e+00
-6.963744730628207655e-09 1.180147849265354292e-04 0.000000000000000000e+00
-6.789406812696098514e-09 1.165281666610789733e-04 1.355252715606880543e-20
-6.619433458774388271e-09 1.150602751498047547e-04 0.000000000000000000e+00
-6.453715401646702054e-09 1.136108744940087331e-04 -1.355252715606880543e-20
-6.292146109610350236e-09 1.121797317665749317e-04 0.000000000000000000e+00
-6.134621717992518544e-09 1.107666169745426390e-04 0.000000000000000000e+00
-5.981040962380932266e-09 1.093713030221450081e-04 -1.355252715606880543e-20
-5.831305113526218560e-09 1.079935656743143097e-04 1.355252715606880543e-20
-5.685317913873753359e-09 1.066331835206447737e-04 0.000000000000000000e+00
-5.542985515684674435e-09 1.052899379398114586e-04 -1.355252715606880543e-20
-5.404216420705904306e-09 1.039636130644361925e-04 0.000000000000000000e+00
-5.268921421350666161e-09 1.026539957463971963e-04 -1.355252715606880543e-20
-5.137013543351339083e-09 1.013608755225736891e-04 -1.355252715606880543e-20
-5.008407989848212788e-09 1.000840445810241336e-04 1.355252715606880543e-20
-4.883022086877884907e-09 9.882329772758936674e-05 -1.355252715606880543e-20
-4.760775230226378058e-09 9.757843235291678054e-05 0.000000000000000000e+00
-4.641588833612772800e-09 9.634924839989954877e-05 0.000000000000000000e+00
-4.525386278170166673e-09 9.513554833152711881e-05 0.000000000000000000e+00
-4.412092863191189736e-09 9.393713709913870135e-05 -1.355252715606880543e-20
-4.301635758106799243e-09 9.275382211107852483e-05 -1.355252715606880543e-20
-4.193943955667177862e-09 9.158541320174493983e-05 0.000000000000000000e+00
-4.088948226294856001e-09 9.043172260103039188e-05 0.000000000000000000e+00
-3.986581073580438573e-09 8.929256490414460559e-05 0.000000000000000000e+00
-3.886776690892667295e-09 8.816775704181962472e-05 -1.355252715606880543e-20
-3.789470919074671211e-09 8.705711825088941706e-05 1.355252715606880543e-20
-3.694601205199309926e-09 8.596047004524010016e-05 0.000000000000000000e+00
-3.602106562357066523e-09 8.487763618712607192e-05 0.000000000000000000e+00
-3.511927530450727664e-09 8.380844265884825094e-05 0.000000000000000000e+00
-3.424006137971425799e-09 8.275271763478739327e-05 0.000000000000000000e+00
-3.338285864731764500e-09 8.171029145379136039e-05 0.000000000000000000e+00
-3.254711605531841397e-09 8.068099659190931838e-05 0.000000000000000000e+00
-3.173229634734972923e-09 7.966466763547027968e-05 0.000000000000000000e+00
-3.093787571730136817e-09 7.866114125449918417e-05 0.000000000000000000e+00
-3.016334347259197224e-09 7.767025617646947577e-05 0.000000000000000000e+00
-2.940820170587066538e-09 7.669185316038550711e-05 0.000000000000000000e+00
-2.867196497493775408e-09 7.572577497119161415e-05 0.000000000000000000e+00
-2.795415999067853701e-09 7.477186635450333444e-05 0.000000000000000000e+00
-2.725432531281027800e-09 7.382997401165773319e-05 0.000000000000000000e+00
-2.657201105324506828e-09 7.289994657507653519e-05 0.000000000000000000e+00
-2.590677858688011697e-09 7.198163458394108685e-05 0.000000000000000000e+00
-2.525820026962779526e-09 7.107489046017277862e-05 0.000000000000000000e+00
-2.462585916350543962e-09 7.017956848471703052e-05 0.000000000000000000e+00
-2.400934876860652008e-09 6.929552477412451162e-05 0.000000000000000000e+00
-2.340827276178294413e-09 6.842261725742876692e-05 0.000000000000000000e+00
-2.282224474186900673e-09 6.756070565331449168e-05 0.000000000000000000e+00
-2.225088798128373837e-09 6.670965144757351234e-05 0.000000000000000000e+00
-2.169383518385182324e-09 6.586931787084457097e-05 0.000000000000000000e+00
-2.115072824868794563e-09 6.503956987663424326e-05 0.000000000000000000e+00
-2.062121803999144531e-09 6.422027411961342012e-05 0.000000000000000000e+00
-2.010496416260501131e-09 6.341129893418839055e-05 0.000000000000000000e+00
-1.960163474319181814e-09 6.261251431334125385e-05 0.000000000000000000e+00
-1.911090621689136038e-09 6.182379188773746580e-05 0.000000000000000000e+00
-1.863246311931559845e-09 6.104500490509538215e-05 0.000000000000000000e+00
-1.816599788375328570e-09 6.027602820981702042e-05 -6.776263578034402713e-21
-1.771121064345090368e-09 5.951673822287458491e-05 0.000000000000000000e+00
-1.726780903884359490e-09 5.876701292195068830e-05 0.000000000000000000e+00
-1.683550802961200599e-09 5.802673182182847502e-05 0.000000000000000000e+00
-1.641402971144466554e-09 5.729577595502947132e-05 -6.776263578034402713e-21
-1.600310313738701649e-09 5.657402785269405939e-05 -6.776263578034402713e-21
-1.560246414366364678e-09 5.586137152570395904e-05 0.000000000000000000e+00
-1.521185517986101718e-09 5.515769244604240708e-05 0.000000000000000000e+00
-1.483102514336102888e-09 5.446287752838813818e-05 0.000000000000000000e+00
-1.445972921792019487e-09 5.377681511194242170e-05 0.000000000000000000e+00
-1.409772871628967760e-09 5.309939494248437734e-05 6.776263578034402713e-21
-1.374479092677539464e-09 5.243050815465246891e-05 0.000000000000000000e+00
-1.340068896363953461e-09 5.177004725444923531e-05 0.000000000000000000e+00
-1.306520162124719946e-09 5.111790610196626362e-05 -6.776263578034402713e-21
-1.273811323186478448e-09 5.047397989432730371e-05 6.776263578034402713e-21
-1.241921352701784677e-09 4.983816514884520778e-05 6.776263578034402713e-21
-1.210829750232036950e-09 4.921035968639199024e-05 6.776263578034402713e-21
-1.180516528568803030e-09 4.859046261497832153e-05 0.000000000000000000e+00
-1.150962200885031145e-09 4.797837431353903389e-05 -6.776263578034402713e-21
-1.122147768207980297e-09 4.737399641592379208e-05 0.000000000000000000e+00
-1.094054707205743621e-09 4.677723179508901915e-05 -6.776263578034402713e-21
-1.066664958279540928e-09 4.618798454748899014e-05 0.000000000000000000e+00
-1.039960913954122384e-09 4.560615997766359321e-05 6.776263578034402713e-21
-1.013925407558814296e-09 4.503166458302012242e-05 -6.776263578034402713e-21
-9.885417021919573871e-10 4.446440603880720457e-05 0.000000000000000000e+00
-9.637934799615795606e-10 4.390429318327718081e-05 0.000000000000000000e+00
-9.396648314954671178e-10 4.335123600303610937e-05 0.000000000000000000e+00
-9.161402457138502076e-10 4.280514561857838758e-05 -6.776263578034402713e-21
-8.932045998580959201e-10 4.226593427000274066e-05 6.776263578034402713e-21
-8.708431497690724054e-10 4.173351530290906214e-05 0.000000000000000000e+00
-8.490415204088755267e-10 4.120780315447246714e-05 0.000000000000000000e+00
-8.277856966198489185e-10 4.068871333969283733e-05 0.000000000000000000e+00
-8.070620141149490913e-10 4.017616243781750623e-05 0.000000000000000000e+00
-7.868571506936843441e-10 3.967006807893539068e-05 0.000000000000000000e+00
-7.671581176779302778e-10 3.917034893073918729e-05 0.000000000000000000e+00
-7.479522515621828860e-10 3.867692468545509839e-05 0.000000000000000000e+00
-7.292272058728297450e-10 3.818971604693676721e-05 0.000000000000000000e+00
-7.109709432312424340e-10 3.770864471792224312e-05 0.000000000000000000e+00
-6.931717276155400591e-10 3.723363338745065677e-05 0.000000000000000000e+00
-6.758181168161110459e-10 3.676460571843824564e-05 6.776263578034402713e-21
-6.588989550799956726e-10 3.630148633541044394e-05 0.000000000000000000e+00
-6.424033659394204107e-10 3.584420081238862019e-05 0.000000000000000000e+00
-6.263207452198679920e-10 3.539267566092928088e-05 0.000000000000000000e+00
-6.106407542232036052e-10 3.494683831831439153e-05 0.000000000000000000e+00
-5.953533130814369757e-10 3.450661713588965744e-05 0.000000000000000000e+00
-5.804485942768983988e-10 3.407194136755046604e-05 0.000000000000000000e+00
-5.659170163246230299e-10 3.364274115837242790e-05 0.000000000000000000e+00
-5.517492376129117534e-10 3.321894753338557456e-05 0.000000000000000000e+00
-5.379361503980697287e-10 3.280049238648925189e-05 0.000000000000000000e+00
-5.244688749495118966e-10 3.238730846950737023e-05 0.000000000000000000e+00
-5.113387538414331018e-10 3.197932938138112451e-05 0.000000000000000000e+00
-4.985373463873904179e-10 3.157648955749801228e-05 0.000000000000000000e+00
-4.860564232142128786e-10 3.117872425915508259e-05 -6.776263578034402713e-21
-4.738879609717650787e-10 3.078596956315539276e-05 6.776263578034402713e-21
-4.620241371751312753e-10 3.039816235153471505e-05 -3.388131789017201356e-21
-4.504573251759463196e-10 3.001524030141842217e-05 0.000000000000000000e+00
-4.391800892596077098e-10 2.963714187500568522e-05 -3.388131789017201356e-21
-4.281851798652406780e-10 2.926380630968024538e-05 3.388131789017201356e-21
-4.174655289253134534e-10 2.889517360824514733e-05 -3.388131789017201356e-21
-4.070142453219438771e-10 2.853118452928107496e-05 0.000000000000000000e+00
-3.968246104569485724e-10 2.817178057762585014e-05 0.000000000000000000e+00
-3.868900739327983206e-10 2.781690399497393235e-05 -3.388131789017201356e-21
-3.772042493416993839e-10 2.746649775059424532e-05 0.000000000000000000e+00
-3.677609101601030826e-10 2.712050553216525353e-05 -3.388131789017201356e-21
-3.585539857459817058e-10 2.677887173672489622e-05 3.388131789017201356e-21
-3.495775574363279000e-10 2.644154146173508777e-05 0.000000000000000000e+00
-3.408258547423445021e-10 2.610846049625847024e-05 0.000000000000000000e+00
-3.322932516398968339e-10 2.577957531224658470e-05 0.000000000000000000e+00
-3.239742629528195362e-10 2.545483305593731644e-05 0.000000000000000000e+00
-3.158635408267818954e-10 2.513418153936117051e-05 -3.388131789017201356e-21
-3.079558712914229578e-10 2.481756923195432415e-05 3.388131789017201356e-21
-3.002461709085555615e-10 2.450494525227736860e-05 3.388131789017201356e-21
-2.927294835042812760e-10 2.419625935983830042e-05 0.000000000000000000e+00
-2.854009769829237414e-10 2.389146194701880329e-05 0.000000000000000000e+00
-2.782559402207126086e-10 2.359050403110169269e-05 0.000000000000000000e+00
-2.712897800372470156e-10 2.329333724639932356e-05 0.000000000000000000e+00
-2.644980182427714585e-10 2.299991383648084325e-05 3.388131789017201356e-21
-2.578762887593798441e-10 2.271018664649763938e-05 0.000000000000000000e+00
-2.514203348142796404e-10 2.242410911560500036e-05 0.000000000000000000e+00
-2.451260062033339637e-10 2.214163526947971101e-05 0.000000000000000000e+00
-2.389892566231052845e-10 2.186271971293165858e-05 0.000000000000000000e+00
-2.330061410696929332e-10 2.158731762260855479e-05 0.000000000000000000e+00
-2.271728133026902704e-10 2.131538473979253728e-05 0.000000000000000000e+00
-2.214855233726359314e-10 2.104687736328769154e-05 0.000000000000000000e+00
-2.159406152103567658e-10 2.078175234239676880e-05 0.000000000000000000e+00
-2.105345242766708183e-10 2.051996706998677466e-05 0.000000000000000000e+00
-2.052637752709247975e-10 2.026147947564169361e-05 0.000000000000000000e+00
-2.001249798969034996e-10 2.000624801890166858e-05 0.000000000000000000e+00
-1.951148346846616299e-10 1.975423168258698203e-05 0.000000000000000000e+00
-1.902301188668945899e-10 1.950538996620649972e-05 0.000000000000000000e+00
-1.854676923084701447e-10 1.925968287944898491e-05 0.000000000000000000e+00
-1.808244934877955461e-10 1.901707093575640860e-05 0.000000000000000000e+00
-1.762975375287204005e-10 1.877751514597820234e-05 0.000000000000000000e+00
-1.718839142817145583e-10 1.854097701210562338e-05 0.000000000000000000e+00
-1.675807864530768902e-10 1.830741852108466348e-05 0.000000000000000000e+00
-1.633853877809863722e-10 1.807680213870729814e-05 0.000000000000000000e+00
-1.592950212572119634e-10 1.784909080357943291e-05 0.000000000000000000e+00
-1.553070573933458414e-10 1.762424792116508275e-05 0.000000000000000000e+00
-1.514189325304352123e-10 1.740223735790517488e-05 0.000000000000000000e+00
-1.476281471909390910e-10 1.718302343541083983e-05 0.000000000000000000e+00
-1.439322644719409474e-10 1.696657092472965905e-05 0.000000000000000000e+00
-1.403289084785876108e-10 1.675284504068414072e-05 0.000000000000000000e+00
-1.368157627967470563e-10 1.654181143628152256e-05 0.000000000000000000e+00
-1.333905690039058723e-10 1.633343619719413920e-05 0.000000000000000000e+00
-1.300511252173409847e-10 1.612768583630900233e-05 0.000000000000000000e+00
-1.267952846786431268e-10 1.592452728834630905e-05 0.000000000000000000e+00
-1.236209543736766479e-10 1.572392790454577374e-05 0.000000000000000000e+00
-1.205260936870841434e-10 1.552585544741958088e-05 0.000000000000000000e+00
-1.175087130904807540e-10 1.533027808557175191e-05 0.000000000000000000e+00
-1.145668728634872649e-10 1.513716438858264229e-05 0.000000000000000000e+00
-1.116986818467824866e-10 1.494648332195787729e-05 0.000000000000000000e+00
-1.089022962263732781e-10 1.475820424214093054e-05 1.694065894508600678e-21
-1.061759183482999044e-10 1.457229689158849823e-05 1.694065894508600678e-21
-1.035177955630176229e-10 1.438873139390805557e-05 1.694065894508600678e-21
-1.009262190987048411e-10 1.420747824905636422e-05 0.000000000000000000e+00
-9.839952296278246243e-11 1.402850832859876606e-05 -1.694065894508600678e-21
-9.593608287093127480e-11 1.385179287102801494e-05 -1.694065894508600678e-21
-9.353431520292376892e-11 1.367730347714225168e-05 0.000000000000000000e+00
-9.119267598459297677e-11 1.350501210548091106e-05 -1.694065894508600678e-21
-8.890965989529166915e-11 1.333489106781841499e-05 1.694065894508600678e-21
-8.668379930019791332e-11 1.316691302471447982e-05 0.000000000000000000e+00
-8.451366330684704474e-11 1.300105098112049200e-05 -1.694065894508600678e-21
-8.239785684528511236e-11 1.283727828204133912e-05 0.000000000000000000e+00
-8.033501977124734874e-11 1.267556860825165081e-05 0.000000000000000000e+00
-7.832382599179204754e-11 1.251589597206624655e-05 0.000000000000000000e+00
-7.636298261282257067e-11 1.235823471316373457e-05 0.000000000000000000e+00
-7.445122910795127434e-11 1.220255949446273207e-05 -1.694065894508600678e-21
-7.258733650817245596e-11 1.204884529805013709e-05 1.694065894508600678e-21
-7.077010661181889402e-11 1.189706742116046813e-05 0.000000000000000000e+00
-6.899837121430025728e-11 1.174720147220607316e-05 0.000000000000000000e+00
-6.727099135712350765e-11 1.159922336685724065e-05 1.694065894508600678e-21
-6.558685659571421361e-11 1.145310932417168598e-05 1.694065894508600678e-21
-6.394488428556936217e-11 1.130883586277291154e-05 0.000000000000000000e+00
-6.234401888627864209e-11 1.116637979707645809e-05 0.000000000000000000e+00
-6.078323128297236757e-11 1.102571823356395763e-05 1.694065894508600678e-21
-5.926151812475540075e-11 1.088682856710395770e-05 1.694065894508600678e-21
-5.777790117970495232e-11 1.074968847731923421e-05 0.000000000000000000e+00
-5.633142670601351958e-11 1.061427592499964422e-05 0.000000000000000000e+00
-5.492116483887789244e-11 1.048056914856038638e-05 0.000000000000000000e+00
-5.354620899273612731e-11 1.034854666054476793e-05 0.000000000000000000e+00
-5.220567527846985975e-11 1.021818724417103771e-05 0.000000000000000000e+00
-5.089870193519674538e-11 1.008946994992271605e-05 0.000000000000000000e+00
-4.962444877628913428e-11 9.962374092181957227e-06 0.000000000000000000e+00
-4.838209664925957529e-11 9.836879245905133257e-06 1.694065894508600678e-21
-4.717084690917021930e-11 9.712965243340493087e-06 0.000000000000000000e+00
-4.598992090522428908e-11 9.590612170787043552e-06 0.000000000000000000e+00
-4.483855948021181305e-11 9.469800365394384365e-06 0.000000000000000000e+00
-4.371602248248501920e-11 9.350510412002653498e-06 -1.694065894508600678e-21
-4.262158829015324822e-11 9.232723140022476238e-06 0.000000000000000000e+00
-4.155455334718879558e-11 9.116419620354121705e-06 0.000000000000000000e+00
-4.051423171114655693e-11 9.001581162345485669e-06 0.000000000000000000e+00
-3.949995461220638659e-11 8.888189310788377882e-06 0.000000000000000000e+00
-3.851107002325568714e-11 8.776225842952731088e-06 0.000000000000000000e+00
-3.754694224073336665e-11 8.665672765657998154e-06 1.694065894508600678e-21
-3.660695147596906357e-11 8.556512312381611983e-06 0.000000000000000000e+00
-3.569049345675222414e-11 8.448726940403769589e-06 0.000000000000000000e+00
-3.479697903887688098e-11 8.342299327988282829e-06 0.000000000000000000e+00
-3.392583382740992047e-11 8.237212371598770738e-06 0.000000000000000000e+00
-3.307649780744242651e-11 8.133449183150088445e-06 0.000000000000000000e+00
-3.224842498408445743e-11 8.030993087294304852e-06 -1.694065894508600678e-21
-3.144108303147271181e-11 7.929827618740864883e-06 0.000000000000000000e+00
-3.065395295056523693e-11 7.829936519610517848e-06 0.000000000000000000e+00
-2.988652873550382856e-11 7.731303736822635848e-06 -1.694065894508600678e-21
-2.913831704832788518e-11 7.633913419515298799e-06 0.000000000000000000e+00
-2.840883690183307038e-11 7.537749916498035119e-06 -8.470329472543003391e-22
-2.769761935036885399e-11 7.442797773736547230e-06 0.000000000000000000e+00
-2.700420718837769810e-11 7.349041731869223663e-06 8.470329472543003391e-22
-2.632815465648020129e-11 7.256466723754777922e-06 0.000000000000000000e+00
-2.566902715491952028e-11 7.165057872050932814e-06 0.000000000000000000e+00
-2.502640096417921806e-11 7.074800486823528496e-06 0.000000000000000000e+00
-2.439986297259555105e-11 6.985680063185767116e-06 0.000000000000000000e+00
-2.378901041078890709e-11 6.897682278967175598e-06 8.470329472543003391e-22
-2.319345059274427644e-11 6.810792992412010448e-06 -8.470329472543003391e-22
-2.261280066337279582e-11 6.724998239906504882e-06 -8.470329472543003391e-22
-2.204668735239412214e-11 6.640284233734896435e-06 8.470329472543003391e-22
-2.149474673437976043e-11 6.556637359863630275e-06 8.470329472543003391e-22
-2.095662399480430803e-11 6.474044175753562040e-06 8.470329472543003391e-22
-2.043197320195270449e-11 6.392491408199576587e-06 0.000000000000000000e+00
-1.992045708453871123e-11 6.311965951197568453e-06 0.000000000000000000e+00
-1.942174681489028448e-11 6.232454863838210568e-06 0.000000000000000000e+00
-1.893552179756299132e-11 6.153945368227279160e-06 0.000000000000000000e+00
-1.846146946324545592e-11 6.076424847432157049e-06 8.470329472543003391e-22
-1.799928506782476488e-11 5.999880843454270549e-06 0.000000000000000000e+00
-1.754867149648152167e-11 5.924301055226940759e-06 0.000000000000000000e+00
-1.710933907269016938e-11 5.849673336638579755e-06 0.000000000000000000e+00
-1.668100537200055624e-11 5.775985694580719262e-06 8.470329472543003391e-22
-1.626339504048190484e-11 5.703226287020690521e-06 8.470329472543003391e-22
-1.585623961771137284e-11 5.631383421098473391e-06 0.000000000000000000e+00
-1.545927736419478648e-11 5.560445551247630836e-06 0.000000000000000000e+00
-1.507225309310758650e-11 5.490401277339860386e-06 0.000000000000000000e+00
-1.469491800624814290e-11 5.421239342852913539e-06 -8.470329472543003391e-22
-1.432702953409829438e-11 5.352948633061650178e-06 0.000000000000000000e+00
-1.396835117988739687e-11 5.285518173251776527e-06 0.000000000000000000e+00
-1.361865236756082759e-11 5.218937126956182794e-06 0.000000000000000000e+00
-1.327770829355431807e-11 5.153194794213453595e-06 0.000000000000000000e+00
-1.294529978227913411e-11 5.088280609848308067e-06 0.000000000000000000e+00
-1.262121314522546009e-11 5.024184141773758742e-06 0.000000000000000000e+00
-1.230524004359261637e-11 4.960895089314551282e-06 0.000000000000000000e+00
-1.199717735435885536e-11 4.898403281551827479e-06 0.000000000000000000e+00
-1.169682703970387073e-11 4.836698675688587980e-06 0.000000000000000000e+00
-1.140399601970030673e-11 4.775771355435748940e-06 0.000000000000000000e+00
-1.111849604819269808e-11 4.715611529418575736e-06 0.000000000000000000e+00
-1.084014359178330998e-11 4.656209529603088875e-06 0.000000000000000000e+00
-1.056875971184805054e-11 4.597555809742400589e-06 0.000000000000000000e+00
-1.030416994950589618e-11 4.539640943842562827e-06 0.000000000000000000e+00
-1.004620421346811086e-11 4.482455624647747091e-06 0.000000000000000000e+00
-9.794696670695386379e-12 4.425990662144551958e-06 0.000000000000000000e+00
-9.549485639791966663e-12 4.370236982085059684e-06 0.000000000000000000e+00
-9.310413487069085452e-12 4.315185624528586825e-06 0.000000000000000000e+00
-9.077326525210242482e-12 4.260827742401760412e-06 0.000000000000000000e+00
-8.850074914473419975e-12 4.207154600076735878e-06 0.000000000000000000e+00
-8.628512566366887429e-12 4.154157571967362772e-06 0.000000000000000000e+00
-8.412497049736118341e-12 4.101828141142950961e-06 0.000000000000000000e+00
-8.201889499202211780e-12 4.050157897959587366e-06 0.000000000000000000e+00
-7.996554525892361957e-12 3.999138538708645762e-06 0.000000000000000000e+00
-7.796360130405221188e-12 3.948761864282327876e-06 0.000000000000000000e+00
-7.601177617955323151e-12 3.899019778856045191e-06 0.000000000000000000e+00
-7.410881515641570258e-12 3.849904288587333143e-06 0.000000000000000000e+00
-7.225349491787221187e-12 3.801407500331218504e-06 4.235164736271501695e-22
-7.044462277299051331e-12 3.753521620371741383e-06 0.000000000000000000e+00
-6.868103588995293584e-12 3.706238953169450993e-06 0.000000000000000000e+00
-6.696160054853215716e-12 3.659551900124717641e-06 -4.235164736271501695e-22
-6.528521141127847342e-12 3.613452958356548815e-06 -4.235164736271501695e-22
-6.365079081295577986e-12 3.567934719496862770e-06 0.000000000000000000e+00
-6.205728806776513355e-12 3.522989868499911719e-06 0.000000000000000000e+00
-6.050367879391212058e-12 3.478611182466707258e-06 4.235164736271501695e-22
-5.898896425508493725e-12 3.434791529484284101e-06 4.235164736271501695e-22
-5.751217071841613721e-12 3.391523867479517974e-06 0.000000000000000000e+00
-5.607234882852038335e-12 3.348801243087454013e-06 4.235164736271501695e-22
-5.466857299720191667e-12 3.306616790533850510e-06 0.000000000000000000e+00
-5.329994080844082646e-12 3.264963730531805837e-06 0.000000000000000000e+00
-5.196557243827657686e-12 3.223835369192309755e-06 0.000000000000000000e+00
-5.066461008921268896e-12 3.183225096948460751e-06 0.000000000000000000e+00
-4.939621743878325587e-12 3.143126387493295185e-06 -4.235164736271501695e-22
-4.815957910192360785e-12 3.103532796730964422e-06 4.235164736271501695e-22
-4.695390010680053065e-12 3.064437961741126087e-06 0.000000000000000000e+00
-4.577840538376616485e-12 3.025835599756410128e-06 0.000000000000000000e+00
-4.463233926710397057e-12 2.987719507152703451e-06 4.235164736271501695e-22
-4.351496500925054685e-12 2.950083558452219243e-06 0.000000000000000000e+00
-4.242556430717785419e-12 2.912921705339086299e-06 0.000000000000000000e+00
-4.136343684063269160e-12 2.876227975687347788e-06 4.235164736271501695e-22
-4.032789982193705657e-12 2.839996472601226772e-06 -4.235164736271501695e-22
-3.931828755705770196e-12 2.804221373467426771e-06 -4.235164736271501695e-22
-3.833395101766605557e-12 2.768896929019426332e-06 4.235164736271501695e-22
-3.737425742391056482e-12 2.734017462413529133e-06 0.000000000000000000e+00
-3.643858983763540361e-12 2.699577368316581547e-06 0.000000000000000000e+00
-3.552634676578139290e-12 2.665571112005132354e-06 0.000000000000000000e+00
-3.463694177371734160e-12 2.631993228475990544e-06 0.000000000000000000e+00
-3.376980310825094761e-12 2.598838321567963537e-06 0.000000000000000000e+00
-3.292437333007775693e-12 2.566101063094661464e-06 0.000000000000000000e+00
-3.210010895543168314e-12 2.533776191988222244e-06 0.000000000000000000e+00
-3.129648010670750419e-12 2.501858513453848608e-06 0.000000000000000000e+00
-3.051297017182871018e-12 2.470342898134941515e-06 0.000000000000000000e+00
-2.974907547214443531e-12 2.439224281288804954e-06 0.000000000000000000e+00
-2.900430493863985805e-12 2.408497661972701918e-06 0.000000000000000000e+00
-2.827817979625338322e-12 2.378158102240192926e-06 0.000000000000000000e+00
-2.757023325609582635e-12 2.348200726347550863e-06 4.235164736271501695e-22
-2.688001021537607388e-12 2.318620719970218649e-06 0.000000000000000000e+00
-2.620706696483855308e-12 2.289413329429116225e-06 0.000000000000000000e+00
-2.555097090352501871e-12 2.260573860926690518e-06 0.000000000000000000e+00
-2.491130026067786090e-12 2.232097679792614396e-06 4.235164736271501695e-22
-2.428764382460450536e-12 2.203980209738939774e-06 0.000000000000000000e+00
-2.367960067833078549e-12 2.176216932124680738e-06 0.000000000000000000e+00
-2.308677994187171887e-12 2.148803385229636106e-06 0.000000000000000000e+00
-2.250880052095457131e-12 2.121735163537361641e-06 0.000000000000000000e+00
-2.194529086203311408e-12 2.095007917027194077e-06 0.000000000000000000e+00
-2.139588871343421375e-12 2.068617350475153322e-06 0.000000000000000000e+00
-2.086024089248504686e-12 2.042559222763689806e-06 0.000000000000000000e+00
-2.033800305846984169e-12 2.016829346200111373e-06 0.000000000000000000e+00
-1.982883949127067158e-12 1.991423585843588073e-06 0.000000000000000000e+00
-1.933242287555043112e-12 1.966337858840663712e-06 0.000000000000000000e+00
-1.884843409033795594e-12 1.941568133769091190e-06 4.235164736271501695e-22
-1.837656200388172572e-12 1.917110429989974694e-06 0.000000000000000000e+00
-1.791650327363903194e-12 1.892960817008055896e-06 0.000000000000000000e+00
-1.746796215127242173e-12 1.869115413840056077e-06 0.000000000000000000e+00
-1.703065029252842580e-12 1.845570388390994120e-06 2.117582368135750848e-22
-1.660428657187529511e-12 1.822321956838324102e-06 0.000000000000000000e+00
-1.618859690178199234e-12 1.799366383023868336e-06 0.000000000000000000e+00
-1.578331405652119674e-12 1.776699977853390873e-06 -2.117582368135750848e-22
-1.538817750038343147e-12 1.754319098703735419e-06 0.000000000000000000e+00
-1.500293322019216659e-12 1.732220148837448918e-06 -2.117582368135750848e-22
-1.462733356201129789e-12 1.710399576824742971e-06 -2.117582368135750848e-22
-1.426113707194129722e-12 1.688853875972773201e-06 0.000000000000000000e+00
-1.390410834090072535e-12 1.667579583762090025e-06 0.000000000000000000e+00
-1.355601785329366215e-12 1.646573281290186708e-06 0.000000000000000000e+00
-1.321664183946603784e-12 1.625831592722077587e-06 -2.117582368135750848e-22
-1.288576213185518039e-12 1.605351184747759910e-06 -2.117582368135750848e-22
-1.256316602474121546e-12 1.585128766046545126e-06 2.117582368135750848e-22
-1.224864613750933295e-12 1.565161086758122377e-06 0.000000000000000000e+00
-1.194200028133530115e-12 1.545444937960282009e-06 2.117582368135750848e-22
-1.164303132920875542e-12 1.525977151153237682e-06 0.000000000000000000e+00
-1.135154708920999070e-12 1.506754597750409426e-06 0.000000000000000000e+00
-1.106736018095974494e-12 1.487774188575655170e-06 2.117582368135750848e-22
-1.079028791516185839e-12 1.469032873366818800e-06 0.000000000000000000e+00
-1.052015217616156979e-12 1.450527640285532075e-06 0.000000000000000000e+00
-1.025677930744420732e-12 1.432255515433207085e-06 0.000000000000000000e+00
-9.999999999999999799e-13 1.414213562373094944e-06 0.000000000000000000e+00
0.000000000000000000e+00 0.000000000000000000e+00 0.000000000000000000e+00
2.020202020202020374e-02 0.000000000000000000e+00 0.000000000000000000e+00
4.040404040404040747e-02 0.000000000000000000e+00 0.000000000000000000e+00
6.060606060606060774e-02 0.000000000000000000e+00 0.000000000000000000e+00
8.080808080808081495e-02 0.000000000000000000e+00 0.000000000000000000e+00
1.010101010101010222e-01 0.000000000000000000e+00 0.000000000000000000e+00
1.212121212121212155e-01 0.000000000000000000e+00 0.000000000000000000e+00
1.414141414141414366e-01 0.000000000000000000e+00 0.000000000000000000e+00
1.616161616161616299e-01 0.000000000000000000e+00 0.000000000000000000e+00
1.818181818181818232e-01 0.000000000000000000e+00 0.000000000000000000e+00
2.020202020202020443e-01 0.000000000000000000e+00 0.000000000000000000e+00
2.222222222222222376e-01 0.000000000000000000e+00 0.000000000000000000e+00
2.424242424242424310e-01 0.000000000000000000e+00 0.000000000000000000e+00
2.626262626262626521e-01 0.000000000000000000e+00 0.000000000000000000e+00
2.828282828282828731e-01 0.000000000000000000e+00 0.000000000000000000e+00
3.030303030303030387e-01 0.000000000000000000e+00 0.000000000000000000e+00
3.232323232323232598e-01 0.000000000000000000e+00 0.000000000000000000e+00
3.434343434343434809e-01 0.000000000000000000e+00 0.000000000000000000e+00
3.636363636363636465e-01 0.000000000000000000e+00 0.000000000000000000e+00
3.838383838383838675e-01 0.000000000000000000e+00 0.000000000000000000e+00
4.040404040404040886e-01 0.000000000000000000e+00 0.000000000000000000e+00
4.242424242424242542e-01 0.000000000000000000e+00 0.000000000000000000e+00
4.444444444444444753e-01 0.000000000000000000e+00 0.000000000000000000e+00
4.646464646464646964e-01 0.000000000000000000e+00 0.000000000000000000e+00
4.848484848484848619e-01 0.000000000000000000e+00 0.000000000000000000e+00
5.050505050505050830e-01 0.000000000000000000e+00 0.000000000000000000e+00
5.252525252525253041e-01 0.000000000000000000e+00 0.000000000000000000e+00
5.454545454545455252e-01 0.000000000000000000e+00 0.000000000000000000e+00
5.656565656565657463e-01 0.000000000000000000e+00 0.000000000000000000e+00
5.858585858585858563e-01 0.000000000000000000e+00 0.000000000000000000e+00
6.060606060606060774e-01 0.000000000000000000e+00 0.000000000000000000e+00
6.262626262626262985e-01 0.000000000000000000e+00 0.000000000000000000e+00
6.464646464646465196e-01 0.000000000000000000e+00 0.000000000000000000e+00
6.666666666666667407e-01 0.000000000000000000e+00 0.000000000000000000e+00
6.868686868686869618e-01 0.000000000000000000e+00 0.000000000000000000e+00
7.070707070707071829e-01 0.000000000000000000e+00 0.000000000000000000e+00
7.272727272727272929e-01 0.000000000000000000e+00 0.000000000000000000e+00
7.474747474747475140e-01 0.000000000000000000e+00 0.000000000000000000e+00
7.676767676767677351e-01 0.000000000000000000e+00 0.000000000000000000e+00
7.878787878787879562e-01 0.000000000000000000e+00 0.000000000000000000e+00
8.080808080808081773e-01 0.000000000000000000e+00 0.000000000000000000e+00
8.282828282828283983e-01 0.000000000000000000e+00 0.000000000000000000e+00
8.484848484848485084e-01 0.000000000000000000e+00 0.000000000000000000e+00
8.686868686868687295e-01 0.000000000000000000e+00 0.000000000000000000e+00
8.888888888888889506e-01 0.000000000000000000e+00 0.000000000000000000e+00
9.090909090909091717e-01 0.000000000000000000e+00 0.000000000000000000e+00
9.292929292929293927e-01 0.000000000000000000e+00 0.000000000000000000e+00
9.494949494949496138e-01 0.000000000000000000e+00 0.000000000000000000e+00
9.696969696969697239e-01 0.000000000000000000e+00 0.000000000000000000e+00
9.898989898989899450e-01 0.000000000000000000e+00 0.000000000000000000e+00
1.010101010101010166e+00 0.000000000000000000e+00 0.000000000000000000e+00
1.030303030303030498e+00 0.000000000000000000e+00 0.000000000000000000e+00
1.050505050505050608e+00 0.000000000000000000e+00 0.000000000000000000e+00
1.070707070707070718e+00 0.000000000000000000e+00 0.000000000000000000e+00
1.090909090909091050e+00 0.000000000000000000e+00 0.000000000000000000e+00
1.111111111111111160e+00 0.000000000000000000e+00 0.000000000000000000e+00
1.131313131313131493e+00 0.000000000000000000e+00 0.000000000000000000e+00
1.151515151515151603e+00 0.000000000000000000e+00 0.000000000000000000e+00
1.171717171717171713e+00 0.000000000000000000e+00 0.000000000000000000e+00
1.191919191919192045e+00 0.000000000000000000e+00 0.000000000000000000e+00
1.212121212121212155e+00 0.000000000000000000e+00 0.000000000000000000e+00
1.232323232323232487e+00 0.000000000000000000e+00 0.000000000000000000e+00
1.252525252525252597e+00 0.000000000000000000e+00 0.000000000000000000e+00
1.272727272727272929e+00 0.000000000000000000e+00 0.000000000000000000e+00
1.292929292929293039e+00 0.000000000000000000e+00 0.000000000000000000e+00
1.313131313131313149e+00 0.000000000000000000e+00 0.000000000000000000e+00
1.333333333333333481e+00 0.000000000000000000e+00 0.000000000000000000e+00
1.353535353535353591e+00 0.000000000000000000e+00 0.000000000000000000e+00
1.373737373737373924e+00 0.000000000000000000e+00 0.000000000000000000e+00
1.393939393939394034e+00 0.000000000000000000e+00 0.000000000000000000e+00
1.414141414141414366e+00 0.000000000000000000e+00 0.000000000000000000e+00
1.434343434343434476e+00 0.000000000000000000e+00 0.000000000000000000e+00
1.454545454545454586e+00 0.000000000000000000e+00 0.000000000000000000e+00
1.474747474747474918e+00 0.000000000000000000e+00 0.000000000000000000e+00
1.494949494949495028e+00 0.000000000000000000e+00 0.000000000000000000e+00
1.515151515151515360e+00 0.000000000000000000e+00 0.000000000000000000e+00
1.535353535353535470e+00 0.000000000000000000e+00 0.000000000000000000e+00
1.555555555555555580e+00 0.000000000000000000e+00 0.000000000000000000e+00
1.575757575757575912e+00 0.000000000000000000e+00 0.000000000000000000e+00
1.595959595959596022e+00 0.000000000000000000e+00 0.000000000000000000e+00
1.616161616161616355e+00 0.000000000000000000e+00 0.000000000000000000e+00
1.636363636363636465e+00 0.000000000000000000e+00 0.000000000000000000e+00
1.656565656565656797e+00 0.000000000000000000e+00 0.000000000000000000e+00
1.676767676767676907e+00 0.000000000000000000e+00 0.000000000000000000e+00
1.696969696969697017e+00 0.000000000000000000e+00 0.000000000000000000e+00
1.717171717171717349e+00 0.000000000000000000e+00 0.000000000000000000e+00
1.737373737373737459e+00 0.000000000000000000e+00 0.000000000000000000e+00
1.757575757575757791e+00 0.000000000000000000e+00 0.000000000000000000e+00
1.777777777777777901e+00 0.000000000000000000e+00 0.000000000000000000e+00
1.797979797979798233e+00 0.000000000000000000e+00 0.000000000000000000e+00
1.818181818181818343e+00 0.000000000000000000e+00 0.000000000000000000e+00
1.838383838383838453e+00 0.000000000000000000e+00 0.000000000000000000e+00
1.858585858585858785e+00 0.000000000000000000e+00 0.000000000000000000e+00
1.878787878787878896e+00 0.000000000000000000e+00 0.000000000000000000e+00
1.898989898989899228e+00 0.000000000000000000e+00 0.000000000000000000e+00
1.919191919191919338e+00 0.000000000000000000e+00 0.000000000000000000e+00
1.939393939393939448e+00 0.000000000000000000e+00 0.000000000000000000e+00
1.959595959595959780e+00 0.000000000000000000e+00 0.000000000000000000e+00
1.979797979797979890e+00 0.000000000000000000e+00 0.000000000000000000e+00
2.000000000000000000e+00 0.000000000000000000e+00 0.000000000000000000e+00
