# Traveling wave profile for m=5, c=1.0
# xi f residual
-5.809475019311125976e+00 0.000000000000000000e+00 0.000000000000000000e+00
-5.797844438691884150e+00 0.000000000000000000e+00 0.000000000000000000e+00
-5.786213858072643212e+00 0.000000000000000000e+00 0.000000000000000000e+00
-5.774583277453401386e+00 0.000000000000000000e+00 0.000000000000000000e+00
-5.762952696834160449e+00 0.000000000000000000e+00 0.000000000000000000e+00
-5.751322116214918623e+00 0.000000000000000000e+00 0.000000000000000000e+00
-5.739691535595676797e+00 0.000000000000000000e+00 0.000000000000000000e+00
-5.728060954976435859e+00 0.000000000000000000e+00 0.000000000000000000e+00
-5.716430374357194033e+00 0.000000000000000000e+00 0.000000000000000000e+00
-5.704799793737952207e+00 0.000000000000000000e+00 0.000000000000000000e+00
-5.693169213118711269e+00 0.000000000000000000e+00 0.000000000000000000e+00
-5.681538632499469443e+00 0.000000000000000000e+00 0.000000000000000000e+00
-5.669908051880227617e+00 0.000000000000000000e+00 0.000000000000000000e+00
-5.658277471260986680e+00 0.000000000000000000e+00 0.000000000000000000e+00
-5.646646890641744854e+00 0.000000000000000000e+00 0.000000000000000000e+00
-5.635016310022503916e+00 0.000000000000000000e+00 0.000000000000000000e+00
-5.623385729403262090e+00 0.000000000000000000e+00 0.000000000000000000e+00
-5.611755148784020264e+00 0.000000000000000000e+00 0.000000000000000000e+00
-5.600124568164779326e+00 0.000000000000000000e+00 0.000000000000000000e+00
-5.588493987545537500e+00 0.000000000000000000e+00 0.000000000000000000e+00
-5.576863406926296562e+00 0.000000000000000000e+00 0.000000000000000000e+00
-5.565232826307054737e+00 0.000000000000000000e+00 0.000000000000000000e+00
-5.553602245687812911e+00 0.000000000000000000e+00 0.000000000000000000e+00
-5.541971665068571973e+00 0.000000000000000000e+00 0.000000000000000000e+00
-5.530341084449330147e+00 0.000000000000000000e+00 0.000000000000000000e+00
-5.518710503830088321e+00 0.000000000000000000e+00 0.000000000000000000e+00
-5.507079923210847383e+00 0.000000000000000000e+00 0.000000000000000000e+00
-5.495449342591605557e+00 0.000000000000000000e+00 0.000000000000000000e+00
-5.483818761972363731e+00 0.000000000000000000e+00 0.000000000000000000e+00
-5.472188181353122793e+00 0.000000000000000000e+00 0.000000000000000000e+00
-5.460557600733880967e+00 0.000000000000000000e+00 0.000000000000000000e+00
-5.448927020114640030e+00 0.000000000000000000e+00 0.000000000000000000e+00
-5.437296439495398204e+00 0.000000000000000000e+00 0.000000000000000000e+00
-5.425665858876156378e+00 0.000000000000000000e+00 0.000000000000000000e+00
-5.414035278256915440e+00 0.000000000000000000e+00 0.000000000000000000e+00
-5.402404697637673614e+00 0.000000000000000000e+00 0.000000000000000000e+00
-5.390774117018432676e+00 0.000000000000000000e+00 0.000000000000000000e+00
-5.379143536399190850e+00 0.000000000000000000e+00 0.000000000000000000e+00
-5.367512955779949024e+00 0.000000000000000000e+00 0.000000000000000000e+00
-5.355882375160708087e+00 0.000000000000000000e+00 0.000000000000000000e+00
-5.344251794541466261e+00 0.000000000000000000e+00 0.000000000000000000e+00
-5.332621213922224435e+00 0.000000000000000000e+00 0.000000000000000000e+00
-5.320990633302983497e+00 0.000000000000000000e+00 0.000000000000000000e+00
-5.309360052683741671e+00 0.000000000000000000e+00 0.000000000000000000e+00
-5.297729472064499845e+00 0.000000000000000000e+00 0.000000000000000000e+00
-5.286098891445258907e+00 0.000000000000000000e+00 0.000000000000000000e+00
-5.274468310826017081e+00 0.000000000000000000e+00 0.000000000000000000e+00
-5.262837730206776143e+00 0.000000000000000000e+00 0.000000000000000000e+00
-5.251207149587534317e+00 0.000000000000000000e+00 0.000000000000000000e+00
-5.239576568968292491e+00 0.000000000000000000e+00 0.000000000000000000e+00
-5.227945988349051554e+00 0.000000000000000000e+00 0.000000000000000000e+00
-5.216315407729809728e+00 0.000000000000000000e+00 0.000000000000000000e+00
-5.204684827110568790e+00 0.000000000000000000e+00 0.000000000000000000e+00
-5.193054246491326964e+00 0.000000000000000000e+00 0.000000000000000000e+00
-5.181423665872085138e+00 0.000000000000000000e+00 0.000000000000000000e+00
-5.169793085252844200e+00 0.000000000000000000e+00 0.000000000000000000e+00
-5.158162504633602374e+00 0.000000000000000000e+00 0.000000000000000000e+00
-5.146531924014360548e+00 0.000000000000000000e+00 0.000000000000000000e+00
-5.134901343395119611e+00 0.000000000000000000e+00 0.000000000000000000e+00
-5.123270762775877785e+00 0.000000000000000000e+00 0.000000000000000000e+00
-5.111640182156635959e+00 0.000000000000000000e+00 0.000000000000000000e+00
-5.100009601537395021e+00 0.000000000000000000e+00 0.000000000000000000e+00
-5.088379020918153195e+00 0.000000000000000000e+00 0.000000000000000000e+00
-5.076748440298912257e+00 0.000000000000000000e+00 0.000000000000000000e+00
-5.065117859679670431e+00 0.000000000000000000e+00 0.000000000000000000e+00
-5.053487279060428605e+00 0.000000000000000000e+00 0.000000000000000000e+00
-5.041856698441187667e+00 0.000000000000000000e+00 0.000000000000000000e+00
-5.030226117821945842e+00 0.000000000000000000e+00 0.000000000000000000e+00
-5.018595537202704904e+00 0.000000000000000000e+00 0.000000000000000000e+00
-5.006964956583463078e+00 0.000000000000000000e+00 0.000000000000000000e+00
-4.995334375964221252e+00 0.000000000000000000e+00 0.000000000000000000e+00
-4.983703795344980314e+00 0.000000000000000000e+00 0.000000000000000000e+00
-4.972073214725738488e+00 0.000000000000000000e+00 0.000000000000000000e+00
-4.960442634106496662e+00 0.000000000000000000e+00 0.000000000000000000e+00
-4.948812053487255724e+00 0.000000000000000000e+00 0.000000000000000000e+00
-4.937181472868013898e+00 0.000000000000000000e+00 0.000000000000000000e+00
-4.925550892248772072e+00 0.000000000000000000e+00 0.000000000000000000e+00
-4.913920311629531135e+00 0.000000000000000000e+00 0.000000000000000000e+00
-4.902289731010289309e+00 0.000000000000000000e+00 0.000000000000000000e+00
-4.890659150391048371e+00 0.000000000000000000e+00 0.000000000000000000e+00
-4.879028569771806545e+00 0.000000000000000000e+00 0.000000000000000000e+00
-4.867397989152564719e+00 0.000000000000000000e+00 0.000000000000000000e+00
-4.855767408533323781e+00 0.000000000000000000e+00 0.000000000000000000e+00
-4.844136827914081955e+00 0.000000000000000000e+00 0.000000000000000000e+00
-4.832506247294841017e+00 0.000000000000000000e+00 0.000000000000000000e+00
-4.820875666675599192e+00 0.000000000000000000e+00 0.000000000000000000e+00
-4.809245086056357366e+00 0.000000000000000000e+00 0.000000000000000000e+00
-4.797614505437115540e+00 0.000000000000000000e+00 0.000000000000000000e+00
-4.785983924817874602e+00 0.000000000000000000e+00 0.000000000000000000e+00
-4.774353344198633664e+00 0.000000000000000000e+00 0.000000000000000000e+00
-4.762722763579391838e+00 0.000000000000000000e+00 0.000000000000000000e+00
-4.751092182960150012e+00 0.000000000000000000e+00 0.000000000000000000e+00
-4.739461602340908186e+00 0.000000000000000000e+00 0.000000000000000000e+00
-4.727831021721667248e+00 0.000000000000000000e+00 0.000000000000000000e+00
-4.716200441102425422e+00 0.000000000000000000e+00 0.000000000000000000e+00
-4.704569860483184485e+00 0.000000000000000000e+00 0.000000000000000000e+00
-4.692939279863942659e+00 0.000000000000000000e+00 0.000000000000000000e+00
-4.681308699244700833e+00 0.000000000000000000e+00 0.000000000000000000e+00
-4.669678118625459895e+00 0.000000000000000000e+00 0.000000000000000000e+00
-4.658047538006218069e+00 0.000000000000000000e+00 0.000000000000000000e+00
-4.646416957386977131e+00 0.000000000000000000e+00 0.000000000000000000e+00
-4.634786376767735305e+00 0.000000000000000000e+00 0.000000000000000000e+00
-4.623155796148493479e+00 0.000000000000000000e+00 0.000000000000000000e+00
-4.611525215529251653e+00 0.000000000000000000e+00 0.000000000000000000e+00
-4.599894634910010716e+00 0.000000000000000000e+00 0.000000000000000000e+00
-4.588264054290769778e+00 0.000000000000000000e+00 0.000000000000000000e+00
-4.576633473671527952e+00 0.000000000000000000e+00 0.000000000000000000e+00
-4.565002893052286126e+00 0.000000000000000000e+00 0.000000000000000000e+00
-4.553372312433044300e+00 0.000000000000000000e+00 0.000000000000000000e+00
-4.541741731813803362e+00 0.000000000000000000e+00 0.000000000000000000e+00
-4.530111151194561536e+00 0.000000000000000000e+00 0.000000000000000000e+00
-4.518480570575320598e+00 0.000000000000000000e+00 0.000000000000000000e+00
-4.506849989956078772e+00 0.000000000000000000e+00 0.000000000000000000e+00
-4.495219409336836947e+00 0.000000000000000000e+00 0.000000000000000000e+00
-4.483588828717596009e+00 0.000000000000000000e+00 0.000000000000000000e+00
-4.471958248098354183e+00 0.000000000000000000e+00 0.000000000000000000e+00
-4.460327667479113245e+00 0.000000000000000000e+00 0.000000000000000000e+00
-4.448697086859871419e+00 0.000000000000000000e+00 0.000000000000000000e+00
-4.437066506240629593e+00 0.000000000000000000e+00 0.000000000000000000e+00
-4.425435925621387767e+00 0.000000000000000000e+00 0.000000000000000000e+00
-4.413805345002146829e+00 0.000000000000000000e+00 0.000000000000000000e+00
-4.402174764382905892e+00 0.000000000000000000e+00 0.000000000000000000e+00
-4.390544183763664066e+00 0.000000000000000000e+00 0.000000000000000000e+00
-4.378913603144422240e+00 0.000000000000000000e+00 0.000000000000000000e+00
-4.367283022525180414e+00 0.000000000000000000e+00 0.000000000000000000e+00
-4.355652441905939476e+00 0.000000000000000000e+00 0.000000000000000000e+00
-4.344021861286697650e+00 0.000000000000000000e+00 0.000000000000000000e+00
-4.332391280667456712e+00 0.000000000000000000e+00 0.000000000000000000e+00
-4.320760700048214886e+00 0.000000000000000000e+00 0.000000000000000000e+00
-4.309130119428973060e+00 0.000000000000000000e+00 0.000000000000000000e+00
-4.297499538809732123e+00 0.000000000000000000e+00 0.000000000000000000e+00
-4.285868958190490297e+00 0.000000000000000000e+00 0.000000000000000000e+00
-4.274238377571249359e+00 0.000000000000000000e+00 0.000000000000000000e+00
-4.262607796952007533e+00 0.000000000000000000e+00 0.000000000000000000e+00
-4.250977216332765707e+00 0.000000000000000000e+00 0.000000000000000000e+00
-4.239346635713523881e+00 0.000000000000000000e+00 0.000000000000000000e+00
-4.227716055094282943e+00 0.000000000000000000e+00 0.000000000000000000e+00
-4.216085474475042005e+00 0.000000000000000000e+00 0.000000000000000000e+00
-4.204454893855800179e+00 0.000000000000000000e+00 0.000000000000000000e+00
-4.192824313236558353e+00 0.000000000000000000e+00 0.000000000000000000e+00
-4.181193732617316527e+00 0.000000000000000000e+00 0.000000000000000000e+00
-4.169563151998075590e+00 0.000000000000000000e+00 0.000000000000000000e+00
-4.157932571378833764e+00 0.000000000000000000e+00 0.000000000000000000e+00
-4.146301990759592826e+00 0.000000000000000000e+00 0.000000000000000000e+00
-4.134671410140351000e+00 0.000000000000000000e+00 0.000000000000000000e+00
-4.123040829521109174e+00 0.000000000000000000e+00 0.000000000000000000e+00
-4.111410248901868236e+00 0.000000000000000000e+00 0.000000000000000000e+00
-4.099779668282626410e+00 0.000000000000000000e+00 0.000000000000000000e+00
-4.088149087663385473e+00 0.000000000000000000e+00 0.000000000000000000e+00
-4.076518507044143647e+00 0.000000000000000000e+00 0.000000000000000000e+00
-4.064887926424901821e+00 0.000000000000000000e+00 0.000000000000000000e+00
-4.053257345805659995e+00 0.000000000000000000e+00 0.000000000000000000e+00
-4.041626765186419057e+00 0.000000000000000000e+00 0.000000000000000000e+00
-4.029996184567178119e+00 0.000000000000000000e+00 0.000000000000000000e+00
-4.018365603947936293e+00 0.000000000000000000e+00 0.000000000000000000e+00
-4.006735023328694467e+00 0.000000000000000000e+00 0.000000000000000000e+00
-3.995104442709453085e+00 0.000000000000000000e+00 0.000000000000000000e+00
-3.983473862090211703e+00 0.000000000000000000e+00 0.000000000000000000e+00
-3.971843281470969877e+00 0.000000000000000000e+00 0.000000000000000000e+00
-3.960212700851728496e+00 0.000000000000000000e+00 0.000000000000000000e+00
-3.948582120232487114e+00 0.000000000000000000e+00 0.000000000000000000e+00
-3.936951539613245732e+00 0.000000000000000000e+00 0.000000000000000000e+00
-3.925320958994004350e+00 0.000000000000000000e+00 0.000000000000000000e+00
-3.913690378374762524e+00 0.000000000000000000e+00 0.000000000000000000e+00
-3.902059797755521142e+00 0.000000000000000000e+00 0.000000000000000000e+00
-3.890429217136279760e+00 0.000000000000000000e+00 0.000000000000000000e+00
-3.878798636517037934e+00 0.000000000000000000e+00 0.000000000000000000e+00
-3.867168055897796553e+00 2.340493284096154814e-01 2.433460547898773918e-01
-3.855537475278555171e+00 3.079104612732105339e-01 3.216737459087999906e-01
-3.843906894659313789e+00 3.497221319313812971e-01 3.659954572647531323e-01
-3.832276314040072407e+00 3.802693873280808545e-01 3.990887042430848464e-01
-3.820645733420830581e+00 4.047748064778955435e-01 4.258745548471108422e-01
-3.809015152801589199e+00 4.254384729060286530e-01 4.485903628633053364e-01
-3.797384572182347817e+00 4.434145322627471297e-01 4.684344421961048610e-01
-3.785753991563105991e+00 4.593906417352429106e-01 4.861283697287608896e-01
-3.774123410943864609e+00 4.738125436203365348e-01 5.021430869123452156e-01
-3.762492830324623228e+00 4.869871112269317237e-01 5.168044464731906817e-01
-3.750862249705381846e+00 4.991354112073871363e-01 5.303481227605695292e-01
-3.739231669086140464e+00 5.104224362179418106e-01 5.429505954624609387e-01
-3.727601088466898638e+00 5.209748814145870321e-01 5.547477700573892889e-01
-3.715970507847657256e+00 5.308923341580280564e-01 5.658467463655141305e-01
-3.704339927228415874e+00 5.402546192127721802e-01 5.763335693752040800e-01
-3.692709346609174048e+00 5.491267913395032618e-01 5.862785123185093594e-01
-3.681078765989932666e+00 5.575626302311205151e-01 5.957397839298702591e-01
-3.669448185370691284e+00 5.656071495578254282e-01 6.047661956227761149e-01
-3.657817604751449903e+00 5.732984380417318615e-01 6.133991223588445285e-01
-3.646187024132208521e+00 5.806690364842258534e-01 6.216739718363533118e-01
-3.634556443512966695e+00 5.877469852496083336e-01 6.296213038719519206e-01
-3.622925862893725313e+00 5.945566331260744297e-01 6.372676960656961098e-01
-3.611295282274483931e+00 6.011192703777549218e-01 6.446364222509262110e-01
-3.599664701655242105e+00 6.074536302359431206e-01 6.517479906498644393e-01
-3.588034121036000723e+00 6.135762905493844510e-01 6.586205754202191232e-01
-3.576403540416759341e+00 6.195019986948413493e-01 6.652703661587696660e-01
-3.564772959797517959e+00 6.252439368156791355e-01 6.717118535348676200e-01
-3.553142379178276578e+00 6.308139401649482947e-01 6.779580646737994876e-01
-3.541511798559034752e+00 6.362226782326723118e-01 6.840207586202714518e-01
-3.529881217939793370e+00 6.414798060723602147e-01 6.899105898037822815e-01
-3.518250637320551988e+00 6.465940915651517962e-01 6.956372456425998774e-01
-3.506620056701310162e+00 6.515735231046040354e-01 7.012095630850967432e-01
-3.494989476082068780e+00 6.564254012352247480e-01 7.066356278739024388e-01
-3.483358895462827398e+00 6.611564170520554118e-01 7.119228595432858242e-01
-3.471728314843586016e+00 6.657727196089432420e-01 7.170780845620763344e-01
-3.460097734224344634e+00 6.702799741479560369e-01 7.221075995689696381e-01
-3.448467153605102808e+00 6.746834126212435390e-01 7.270172262818090925e-01
-3.436836572985861427e+00 6.789878777072491101e-01 7.318123593738847799e-01
-3.425205992366620045e+00 6.831978613089257912e-01 7.364980083805332534e-01
-3.413575411747378219e+00 6.873175383500750302e-01 7.410788345152988787e-01
-3.401944831128136837e+00 6.913507965477632133e-01 7.455591831265767633e-01
-3.390314250508895455e+00 6.953012627267951551e-01 7.499431124053258513e-01
-3.378683669889654073e+00 6.991723261509830145e-01 7.542344188563863128e-01
-3.367053089270412691e+00 7.029671592712096739e-01 7.584366599654767116e-01
-3.355422508651170865e+00 7.066887362287407326e-01 7.625531744277302959e-01
-3.343791928031929483e+00 7.103398494013345443e-01 7.665871002487985031e-01
-3.332161347412688102e+00 7.139231242373921260e-01 7.705413909839068376e-01
-3.320530766793446276e+00 7.174410325880715700e-01 7.744188303422080422e-01
-3.308900186174204894e+00 7.208959047177033730e-01 7.782220453518453596e-01
-3.297269605554963512e+00 7.242899401479385713e-01 7.819535182542070029e-01
-3.285639024935722130e+00 7.276252174700246211e-01 7.856155972731687642e-01
-3.274008444316480748e+00 7.309037032417837754e-01 7.892105063858639857e-01
-3.262377863697238922e+00 7.341272600706959528e-01 7.927403542050741603e-01
-3.250747283077997540e+00 7.372976539715512256e-01 7.962071420693681567e-01
-3.239116702458756158e+00 7.404165610760531369e-01 7.996127714251138885e-01
-3.227486121839514333e+00 7.434855737622395599e-01 8.029590505741637241e-01
-3.215855541220272951e+00 7.465062062633901485e-01 8.062477008521616861e-01
-3.204224960601031569e+00 7.494798998090143050e-01 8.094803622947307487e-01
-3.192594379981790187e+00 7.524080273443752853e-01 8.126585988421143325e-01
-3.180963799362548805e+00 7.552918978696865349e-01 8.157839031271537644e-01
-3.169333218743306979e+00 7.581327604354799465e-01 8.188577008863542339e-01
-3.157702638124065597e+00 7.609318078265983054e-01 8.218813550294595816e-01
-3.146072057504824215e+00 7.636901799637281218e-01 8.248561693990963395e-01
-3.134441476885582389e+00 7.664089670482825412e-01 8.277833922486405038e-01
-3.122810896266341008e+00 7.690892124737217506e-01 8.306642194635973642e-01
-3.111180315647099626e+00 7.717319155239954487e-01 8.334997975489853994e-01
-3.099549735027858244e+00 7.743380338776714167e-01 8.362912264031374665e-01
-3.087919154408616862e+00 7.769084859344462801e-01 8.390395618961258295e-01
-3.076288573789375036e+00 7.794441529790702150e-01 8.417458182692316715e-01
-3.064657993170133654e+00 7.819458811962478606e-01 8.444109703703881475e-01
-3.053027412550892272e+00 7.844144835487679712e-01 8.470359557389434135e-01
-3.041396831931650446e+00 7.868507415299463847e-01 8.496216765519187808e-01
-3.029766251312409064e+00 7.892554068004287160e-01 8.521690014427838467e-01
-3.018135670693167683e+00 7.916292027184683722e-01 8.546787672027270633e-01
-3.006505090073926301e+00 7.939728257719622651e-01 8.571517803735156926e-01
-2.994874509454684919e+00 7.962869469197811911e-01 8.595888187402196401e-01
-2.983243928835443093e+00 7.985722128492628302e-01 8.619906327313379135e-01
-2.971613348216201711e+00 8.008292471561300196e-01 8.643579467332184185e-01
-2.959982767596960329e+00 8.030586514525573927e-01 8.666914603250147620e-01
-2.948352186977718503e+00 8.052610064086176411e-01 8.689918494400199478e-01
-2.936721606358477121e+00 8.074368727318987915e-01 8.712597674585410568e-01
-2.925091025739235739e+00 8.095867920896830938e-01 8.734958462372265364e-01
-2.913460445119994358e+00 8.117112879777168555e-01 8.757006970792282630e-01
-2.901829864500752976e+00 8.138108665392714824e-01 8.778749116493438365e-01
-2.890199283881511150e+00 8.158860173379028913e-01 8.800190628377686508e-01
-2.878568703262269768e+00 8.179372140870366792e-01 8.821337055760409829e-01
-2.866938122643028386e+00 8.199649153392720713e-01 8.842193776082879486e-01
-2.855307542023786560e+00 8.219695651380645174e-01 8.862766002207055349e-01
-2.843676961404545178e+00 8.239515936342447500e-01 8.883058789320408266e-01
-2.832046380785303796e+00 8.259114176696493725e-01 8.903077041475028208e-01
-2.820415800166062414e+00 8.278494413299617438e-01 8.922825517785131222e-01
-2.808785219546821033e+00 8.297660564687100448e-01 8.942308838303681950e-01
-2.797154638927579207e+00 8.316616432042250873e-01 8.961531489598305589e-01
-2.785524058308337825e+00 8.335365703912286373e-01 8.980497830045341967e-01
-2.773893477689096443e+00 8.353911960686072335e-01 8.999212094858513034e-01
-2.762262897069854617e+00 8.372258678848079061e-01 9.017678400868666122e-01
-2.750632316450613235e+00 8.390409235022004975e-01 9.035900751069355641e-01
-2.739001735831371853e+00 8.408366909816510359e-01 9.053883038941640260e-01
-2.727371155212130471e+00 8.426134891484667877e-01 9.071629052571602569e-01
-2.715740574592889089e+00 8.443716279407962322e-01 9.089142478571996531e-01
-2.704109993973647263e+00 8.461114087414912666e-01 9.106426905819666739e-01
-2.692479413354405882e+00 8.478331246943734412e-01 9.123485829018770366e-01
-2.680848832735164500e+00 8.495370610057831895e-01 9.140322652099531764e-01
-2.669218252115922674e+00 8.512234952322326187e-01 9.156940691462469584e-01
-2.657587671496681292e+00 8.528926975549318001e-01 9.173343179075235110e-01
-2.645957090877439910e+00 8.545449310419038769e-01 9.189533265431045761e-01
-2.634326510258198528e+00 8.561804518983660017e-01 9.205514022376435346e-01
-2.622695929638957146e+00 8.577995097060029384e-01 9.221288445813683454e-01
-2.611065349019715320e+00 8.594023476517257398e-01 9.236859458286671432e-01
-2.599434768400473938e+00 8.609892027464702835e-01 9.252229911454757927e-01
-2.587804187781232557e+00 8.625603060345563566e-01 9.267402588460957880e-01
-2.576173607161990731e+00 8.641158827940933485e-01 9.282380206199868367e-01
-2.564543026542749349e+00 8.656561527288956226e-01 9.297165417490795836e-01
-2.552912445923507967e+00 8.671813301523366713e-01 9.311760813160062655e-01
-2.541281865304266585e+00 8.686916241635496139e-01 9.326168924037802066e-01
-2.529651284685025203e+00 8.701872388163558458e-01 9.340392222872951900e-01
-2.518020704065783377e+00 8.716683732812822161e-01 9.354433126170835777e-01
-2.506390123446541995e+00 8.731352220010060172e-01 9.368293995957217568e-01
-2.494759542827300614e+00 8.745879748395487541e-01 9.381977141471552484e-01
-2.483128962208058788e+00 8.760268172255185615e-01 9.395484820794173242e-01
-2.471498381588817406e+00 8.774519302896881534e-01 9.408819242408905659e-01
-2.459867800969576024e+00 8.788634909971755338e-01 9.421982566705962014e-01
-2.448237220350334642e+00 8.802616722744837086e-01 9.434976907426362303e-01
-2.436606639731093260e+00 8.816466431316367647e-01 9.447804333051336156e-01
-2.424976059111851434e+00 8.830185687796419103e-01 9.460466868139487673e-01
-2.413345478492610052e+00 8.843776107434907496e-01 9.472966494613185295e-01
-2.401714897873368670e+00 8.857239269709045182e-01 9.485305152997522971e-01
-2.390084317254126844e+00 8.870576719370134589e-01 9.497484743613057168e-01
-2.378453736634885463e+00 8.883789967451555247e-01 9.509507127725315145e-01
-2.366823156015644081e+00 8.896880492239652716e-01 9.521374128651864943e-01
-2.355192575396402699e+00 8.909849740209173641e-01 9.533087532830011313e-01
-2.343561994777161317e+00 8.922699126924805713e-01 9.544649090845993555e-01
-2.331931414157919491e+00 8.935430037910285783e-01 9.556060518427271777e-01
-2.320300833538678109e+00 8.948043829486488354e-01 9.567323497400619381e-01
-2.308670252919436727e+00 8.960541829579822259e-01 9.578439676615629894e-01
-2.297039672300194901e+00 8.972925338502185655e-01 9.589410672837057614e-01
-2.285409091680953519e+00 8.985195629703692788e-01 9.600238071605999846e-01
-2.273778511061712138e+00 8.997353950499316078e-01 9.610923428071267427e-01
-2.262147930442470756e+00 9.009401522770513759e-01 9.621468267793142903e-01
-2.250517349823229374e+00 9.021339543642886705e-01 9.631874087519354255e-01
-2.238886769203987548e+00 9.033169186140850293e-01 9.642142355935791054e-01
-2.227256188584746166e+00 9.044891599820247263e-01 9.652274514391310234e-01
-2.215625607965504784e+00 9.056507911379795273e-01 9.662271977599582451e-01
-2.203995027346262958e+00 9.068019225252232918e-01 9.672136134317326217e-01
-2.192364446727021576e+00 9.079426624175945815e-01 9.681868348000257640e-01
-2.180733866107780194e+00 9.090731169747877649e-01 9.691469957438723082e-01
-2.169103285488538813e+00 9.101933902958428968e-01 9.700942277371673583e-01
-2.157472704869297431e+00 9.113035844709076461e-01 9.710286599082333936e-01
-2.145842124250055605e+00 9.124037996313361099e-01 9.719504190973906610e-01
-2.134211543630814223e+00 9.134941339981900166e-01 9.728596299128131619e-01
-2.122580963011572841e+00 9.145746839292018260e-01 9.737564147845115814e-01
-2.110950382392331015e+00 9.156455439642604555e-01 9.746408940167831103e-01
-2.099319801773089633e+00 9.167068068694722571e-01 9.755131858389516353e-01
-2.087689221153848251e+00 9.177585636798544222e-01 9.763734064545754876e-01
-2.076058640534606869e+00 9.188009037407081081e-01 9.772216700891502850e-01
-2.064428059915365488e+00 9.198339147477226918e-01 9.780580890364041213e-01
-2.052797479296123662e+00 9.208576827858566682e-01 9.788827737031290388e-01
-2.041166898676882280e+00 9.218722923670397140e-01 9.796958326527359651e-01
-2.029536318057640898e+00 9.228778264667396591e-01 9.804973726475261220e-01
-2.017905737438399072e+00 9.238743665594343346e-01 9.812874986896543694e-01
-2.006275156819157690e+00 9.248619926530279312e-01 9.820663140609201536e-01
-1.994644576199916308e+00 9.258407833222495054e-01 9.828339203614128161e-01
-1.983013995580674926e+00 9.268108157410692716e-01 9.835904175470435717e-01
-1.971383414961433544e+00 9.277721657141677625e-01 9.843359039659643761e-01
-1.959752834342191719e+00 9.287249077074908321e-01 9.850704763939566178e-01
-1.948122253722950337e+00 9.296691148779213654e-01 9.857942300688454784e-01
-1.936491673103708955e+00 9.306048591020995575e-01 9.865072587238885582e-01
-1.924861092484467129e+00 9.315322110044200743e-01 9.872096546202620004e-01
-1.913230511865225747e+00 9.324512399842344035e-01 9.879015085786411188e-01
-1.901599931245984365e+00 9.333620142422850430e-01 9.885829100098769695e-01
-1.889969350626742983e+00 9.342646008063981711e-01 9.892539469448671241e-01
-1.878338770007501601e+00 9.351590655564585575e-01 9.899147060635531403e-01
-1.866708189388259775e+00 9.360454732486918061e-01 9.905652727231810672e-01
-1.855077608769018394e+00 9.369238875392751353e-01 9.912057309857165155e-01
-1.843447028149777012e+00 9.377943710073007866e-01 9.918361636446704210e-01
-1.831816447530535186e+00 9.386569851771123796e-01 9.924566522510206434e-01
-1.820185866911293804e+00 9.395117905400334202e-01 9.930672771385611330e-01
-1.808555286292052422e+00 9.403588465755097214e-01 9.936681174485355594e-01
-1.796924705672810596e+00 9.411982117716827245e-01 9.942592511536452182e-01
-1.785294125053569658e+00 9.420299436454134812e-01 9.948407550814267752e-01
-1.773663544434327832e+00 9.428540987617735070e-01 9.954127049369267954e-01
-1.762032963815086006e+00 9.436707327530192702e-01 9.959751753249751482e-01
-1.750402383195845069e+00 9.444799003370680790e-01 9.965282397717126761e-01
-1.738771802576603243e+00 9.452816553354892459e-01 9.970719707456082714e-01
-1.727141221957362305e+00 9.460760506910261824e-01 9.976064396780258692e-01
-1.715510641338120479e+00 9.468631384846641907e-01 9.981317169831115388e-01
-1.703880060718878653e+00 9.476429699522574968e-01 9.986478720773466211e-01
-1.692249480099637715e+00 9.484155955007290695e-01 9.991549733984942394e-01
-1.680618899480395889e+00 9.491810647238565490e-01 9.996530884240869552e-01
-1.668988318861154951e+00 9.499394264176557190e-01 1.000142283689491318e+00
-1.657357738241913125e+00 9.506907285953755116e-01 1.000622624805516114e+00
-1.645727157622671299e+00 9.514350185021136497e-01 1.001094176475548547e+00
-1.634096577003430362e+00 9.521723426290665815e-01 1.001557002512325045e+00
-1.622465996384188536e+00 9.529027467274229224e-01 1.002011165854220787e+00
-1.610835415764946710e+00 9.536262758219110625e-01 1.002456728581252676e+00
-1.599204835145705772e+00 9.543429742240124858e-01 1.002893751930568955e+00
-1.587574254526463946e+00 9.550528855448480181e-01 1.003322296311631945e+00
-1.575943673907222120e+00 9.557560527077484380e-01 1.003742421321065503e+00
-1.564313093287981182e+00 9.564525179605178895e-01 1.004154185757087703e+00
-1.552682512668739356e+00 9.571423228873993105e-01 1.004557647633621986e+00
-1.541051932049498419e+00 9.578255084207482062e-01 1.004952864194099238e+00
-1.529421351430256593e+00 9.585021148524273116e-01 1.005339891924887707e+00
-1.517790770811014767e+00 9.591721818449243653e-01 1.005718786568470025e+00
-1.506160190191773829e+00 9.598357484422066488e-01 1.006089603136241850e+00
-1.494529609572532003e+00 9.604928530803144016e-01 1.006452395921061838e+00
-1.482899028953291065e+00 9.611435335977035477e-01 1.006807218509529811e+00
-1.471268448334049239e+00 9.617878272453445065e-01 1.007154123793905454e+00
-1.459637867714807413e+00 9.624257706965810844e-01 1.007493163983822493e+00
-1.448007287095566475e+00 9.630574000567592163e-01 1.007824390617714450e+00
-1.436376706476324649e+00 9.636827508726305558e-01 1.008147854573971713e+00
-1.424746125857082824e+00 9.643018581415354618e-01 1.008463606081876351e+00
-1.413115545237841886e+00 9.649147563203742672e-01 1.008771694732220725e+00
-1.401484964618600060e+00 9.655214793343693813e-01 1.009072169487778003e+00
-1.389854383999358234e+00 9.661220605856267740e-01 1.009365078693493345e+00
-1.378223803380117296e+00 9.667165329614987312e-01 1.009650470086424834e+00
-1.366593222760875470e+00 9.673049288427570946e-01 1.009928390805499010e+00
-1.354962642141634532e+00 9.678872801115773195e-01 1.010198887401051682e+00
-1.343332061522392706e+00 9.684636181593431203e-01 1.010462005844133149e+00
-1.331701480903150880e+00 9.690339738942719272e-01 1.010717791535627574e+00
-1.320070900283909943e+00 9.695983777488689226e-01 1.010966289315182953e+00
-1.308440319664668117e+00 9.701568596872126582e-01 1.011207543469917924e+00
-1.296809739045427179e+00 9.707094492120756923e-01 1.011441597742941623e+00
-1.285179158426185353e+00 9.712561753718872426e-01 1.011668495341752738e+00
-1.273548577806943527e+00 9.717970667675377427e-01 1.011888278946316166e+00
-1.261917997187702589e+00 9.723321515590332975e-01 1.012100990717192062e+00
-1.250287416568460763e+00 9.728614574720014785e-01 1.012306672303192379e+00
-1.238656835949218937e+00 9.733850118040514587e-01 1.012505364849191070e+00
-1.227026255329978000e+00 9.739028414309948145e-01 1.012697109003503737e+00
-1.215395674710736174e+00 9.744149728129278820e-01 1.012881944925271060e+00
-1.203765094091494348e+00 9.749214320001793332e-01 1.013059912291633946e+00
-1.192134513472253410e+00 9.754222446391284107e-01 1.013231050304763015e+00
-1.180503932853011584e+00 9.759174359778934882e-01 1.013395397698703126e+00
-1.168873352233770646e+00 9.764070308718971747e-01 1.013552992746155068e+00
-1.157242771614528820e+00 9.768910537893087387e-01 1.013703873265038968e+00
-1.145612190995286994e+00 9.773695288163678496e-01 1.013848076624963568e+00
-1.133981610376046056e+00 9.778424796625923010e-01 1.013985639753547607e+00
-1.122351029756804230e+00 9.783099296658717137e-01 1.014116599142576236e+00
-1.110720449137563293e+00 9.787719017974508828e-01 1.014240990854167190e+00
-1.099089868518321467e+00 9.792284186668049895e-01 1.014358850526582367e+00
-1.087459287899079641e+00 9.796795025264075640e-01 1.014470213380101793e+00
-1.075828707279838703e+00 9.801251752763969760e-01 1.014575114222751262e+00
-1.064198126660596877e+00 9.805654584691404496e-01 1.014673587455823700e+00
-1.052567546041355051e+00 9.810003733136994919e-01 1.014765667079375877e+00
-1.040936965422114113e+00 9.814299406801990644e-01 1.014851386697592117e+00
-1.029306384802872287e+00 9.818541811041018308e-01 1.014930779523985915e+00
-1.017675804183630461e+00 9.822731147903900339e-01 1.015003878386603997e+00
-1.006045223564389524e+00 9.826867616176573339e-01 1.015070715733010553e+00
-9.944146429451476976e-01 9.830951411421116060e-01 1.015131323635217298e+00
-9.827840623259067598e-01 9.834982726014916965e-01 1.015185733794562450e+00
-9.711534817066649339e-01 9.838961749188993577e-01 1.015233977546399879e+00
-9.595229010874231079e-01 9.842888667065481378e-01 1.015276085864753597e+00
-9.478923204681821701e-01 9.846763662694308916e-01 1.015312089366881221e+00
-9.362617398489403442e-01 9.850586916089089096e-01 1.015342018317703987e+00
-9.246311592296994064e-01 9.854358604262218879e-01 1.015365902634168815e+00
-9.130005786104575805e-01 9.858078901259230697e-01 1.015383771889567521e+00
-9.013699979912157545e-01 9.861747978192381137e-01 1.015395655317673729e+00
-8.897394173719748167e-01 9.865366003273526863e-01 1.015401581816880894e+00
-8.781088367527329908e-01 9.868933141846272239e-01 1.015401579954241074e+00
-8.664782561334911648e-01 9.872449556417418615e-01 1.015395677969354704e+00
-8.548476755142502270e-01 9.875915406687725273e-01 1.015383903778331653e+00
-8.432170948950084011e-01 9.879330849582002028e-01 1.015366284977459177e+00
-8.315865142757665751e-01 9.882696039278523470e-01 1.015342848847002211e+00
-8.199559336565256373e-01 9.886011127237818163e-01 1.015313622354849343e+00
-8.083253530372838114e-01 9.889276262230807246e-01 1.015278632159964500e+00
-7.966947724180428736e-01 9.892491590366314647e-01 1.015237904616037135e+00
-7.850641917988010476e-01 9.895657255117987772e-01 1.015191465774799351e+00
-7.734336111795592217e-01 9.898773397350588699e-01 1.015139341389403205e+00
-7.618030305603182839e-01 9.901840155345720262e-01 1.015081556917721839e+00
-7.501724499410764579e-01 9.904857664826957064e-01 1.015018137525574016e+00
-7.385418693218355202e-01 9.907826058984422479e-01 1.014949108089868934e+00
-7.269112887025936942e-01 9.910745468498793898e-01 1.014874493201684436e+00
-7.152807080833518683e-01 9.913616021564770620e-01 1.014794317169352311e+00
-7.036501274641109305e-01 9.916437843913997741e-01 1.014708604021362870e+00
-6.920195468448691045e-01 9.919211058837468231e-01 1.014617377509303031e+00
-6.803889662256272786e-01 9.921935787207393220e-01 1.014520661110722033e+00
-6.687583856063863408e-01 9.924612147498578230e-01 1.014418478031915649e+00
-6.571278049871445148e-01 9.927240255809278713e-01 1.014310851210602049e+00
-6.454972243679026889e-01 9.929820225881581530e-01 1.014197803318721336e+00
-6.338666437486617511e-01 9.932352169121280161e-01 1.014079356764945983e+00
-6.222360631294199251e-01 9.934836194617293614e-01 1.013955533697303846e+00
-6.106054825101789874e-01 9.937272409160599063e-01 1.013826356005692597e+00
-5.989749018909371614e-01 9.939660917262705953e-01 1.013691845324340424e+00
-5.873443212716953354e-01 9.942001821173683807e-01 1.013552023034222982e+00
-5.757137406524543977e-01 9.944295220899729282e-01 1.013406910265419958e+00
-5.640831600332125717e-01 9.946541214220300242e-01 1.013256527899406345e+00
-5.524525794139716339e-01 9.948739896704811292e-01 1.013100896571367482e+00
-5.408219987947298080e-01 9.950891361728905204e-01 1.012940036672394628e+00
-5.291914181754879820e-01 9.952995700490296915e-01 1.012773968351620590e+00
-5.175608375562470442e-01 9.955053002024206732e-01 1.012602711518401311e+00
-5.059302569370052183e-01 9.957063353218379431e-01 1.012426285844334473e+00
-4.942996763177633923e-01 9.959026838827702566e-01 1.012244710765346056e+00
-4.826690956985224545e-01 9.960943541488425090e-01 1.012058005483615686e+00
-4.710385150792806286e-01 9.962813541731980749e-01 1.011866188969596569e+00
-4.594079344600388026e-01 9.964636917998423993e-01 1.011669279963829160e+00
-4.477773538407978648e-01 9.966413746649488425e-01 1.011467296978894925e+00
-4.361467732215560389e-01 9.968144101981255556e-01 1.011260258301132531e+00
-4.245161926023151011e-01 9.969828056236460512e-01 1.011048181992485251e+00
-4.128856119830732752e-01 9.971465679616423605e-01 1.010831085892226699e+00
-4.012550313638314492e-01 9.973057040292621078e-01 1.010608987618615950e+00
-3.896244507445905114e-01 9.974602204417887252e-01 1.010381904570577083e+00
-3.779938701253486855e-01 9.976101236137273620e-01 1.010149853929318331e+00
-3.663632895061077477e-01 9.977554197598541563e-01 1.009912852659908156e+00
-3.547327088868659217e-01 9.978961148962319783e-01 1.009670917512809352e+00
-3.431021282676240958e-01 9.980322148411904237e-01 1.009424065025364969e+00
-3.314715476483831580e-01 9.981637252162729457e-01 1.009172311523281573e+00
-3.198409670291413320e-01 9.982906514471491244e-01 1.008915673122082746e+00
-3.082103864098995061e-01 9.984129987644946302e-01 1.008654165728419816e+00
-2.965798057906585683e-01 9.985307722048365475e-01 1.008387805041518925e+00
-2.849492251714167423e-01 9.986439766113675010e-01 1.008116606554426475e+00
-2.733186445521749164e-01 9.987526166347260315e-01 1.007840585555334512e+00
-2.616880639329339786e-01 9.988566967337455527e-01 1.007559757128843048e+00
-2.500574833136921526e-01 9.989562211761707777e-01 1.007274136157136457e+00
-2.384269026944512149e-01 9.990511940393426160e-01 1.006983737321169636e+00
-2.267963220752093889e-01 9.991416192108515393e-01 1.006688575101853500e+00
-2.151657414559675630e-01 9.992275003891597507e-01 1.006388663781135673e+00
-2.035351608367266252e-01 9.993088410841924896e-01 1.006084017443112266e+00
-1.919045802174847992e-01 9.993856446178980280e-01 1.005774649975018198e+00
-1.802739995982438614e-01 9.994579141247775800e-01 1.005460575068348295e+00
-1.686434189790020355e-01 9.995256525523844582e-01 1.005141806219694622e+00
-1.570128383597602095e-01 9.995888626617929207e-01 1.004818356731864704e+00
-1.453822577405192717e-01 9.996475470280372644e-01 1.004490239714699751e+00
-1.337516771212774458e-01 9.997017080405206091e-01 1.004157468085946636e+00
-1.221210965020356198e-01 9.997513479033939277e-01 1.003820054572215348e+00
-1.104905158827946821e-01 9.997964686359058772e-01 1.003478011709726392e+00
-9.885993526355285610e-02 9.998370720727219885e-01 1.003131351845126806e+00
-8.722935464431103014e-02 9.998731598642160989e-01 1.002780087136307063e+00
-7.559877402507009236e-02 9.999047334767307005e-01 1.002424229553040780e+00
-6.396819340582826641e-02 9.999317941928089759e-01 1.002063790877780747e+00
-5.233761278658732863e-02 9.999543431113979697e-01 1.001698782706318847e+00
-4.070703216734550267e-02 9.999723811480216717e-01 1.001329216448396009e+00
-2.907645154810367671e-02 9.999859090349260127e-01 1.000955103328342366e+00
-1.744587092886273894e-02 9.999949273211942158e-01 1.000576454385697422e+00
-5.815290309620912979e-03 9.999994363728337277e-01 1.000193280475721647e+00
5.815290309620024800e-03 9.999994363728337277e-01 9.998055922699458087e-01
1.744587092886185076e-02 9.999949273211942158e-01 9.994134002566911201e-01
2.907645154810367671e-02 9.999859090349260127e-01 9.990167147415097704e-01
4.070703216734461449e-02 9.999723811480216717e-01 9.986155458476472235e-01
5.233761278658644045e-02 9.999543431113979697e-01 9.982099035164769818e-01
6.396819340582826641e-02 9.999317941928089759e-01 9.977997975078370940e-01
7.559877402506920419e-02 9.999047334767307005e-01 9.973852374004206212e-01
8.722935464431103014e-02 9.998731598642160989e-01 9.969662325921252455e-01
9.885993526355285610e-02 9.998370720727219885e-01 9.965427923003172817e-01
1.104905158827937939e-01 9.997964686359058772e-01 9.961149255620925791e-01
1.221210965020356198e-01 9.997513479033939277e-01 9.956826412345654020e-01
1.337516771212765576e-01 9.997017080405206091e-01 9.952459479951017984e-01
1.453822577405183836e-01 9.996475470280372644e-01 9.948048543413746669e-01
1.570128383597602095e-01 9.995888626617929207e-01 9.943593685917069269e-01
1.686434189790011473e-01 9.995256525523844582e-01 9.939094988850742940e-01
1.802739995982429733e-01 9.994579141247775800e-01 9.934552531812068654e-01
1.919045802174839110e-01 9.993856446178980280e-01 9.929966392607778580e-01
2.035351608367257370e-01 9.993088410841924896e-01 9.925336647252727129e-01
2.151657414559675630e-01 9.992275003891597507e-01 9.920663369971837175e-01
2.267963220752085007e-01 9.991416192108515393e-01 9.915946633198566840e-01
2.384269026944503267e-01 9.990511940393426160e-01 9.911186507575227012e-01
2.500574833136921526e-01 9.989562211761707777e-01 9.906383061952049873e-01
2.616880639329330904e-01 9.988566967337455527e-01 9.901536363386481687e-01
2.733186445521749164e-01 9.987526166347260315e-01 9.896646477141175513e-01
2.849492251714167423e-01 9.986439766113675010e-01 9.891713466683084155e-01
2.965798057906576801e-01 9.985307722048365475e-01 9.886737393681540587e-01
3.082103864098995061e-01 9.984129987644946302e-01 9.881718318005624502e-01
3.198409670291404439e-01 9.982906514471492354e-01 9.876656297722157252e-01
3.314715476483822698e-01 9.981637252162729457e-01 9.871551389092572126e-01
3.431021282676240958e-01 9.980322148411904237e-01 9.866403646570158781e-01
3.547327088868650335e-01 9.978961148962319783e-01 9.861213122796544939e-01
3.663632895061068595e-01 9.977554197598541563e-01 9.855979868598000460e-01
3.779938701253477973e-01 9.976101236137273620e-01 9.850703932981363931e-01
3.896244507445896232e-01 9.974602204417887252e-01 9.845385363130004786e-01
4.012550313638314492e-01 9.973057040292621078e-01 9.840024204399082652e-01
4.128856119830723870e-01 9.971465679616423605e-01 9.834620500310580216e-01
4.245161926023142129e-01 9.969828056236460512e-01 9.829174292547997460e-01
4.361467732215560389e-01 9.968144101981255556e-01 9.823685620951185804e-01
4.477773538407969767e-01 9.966413746649488425e-01 9.818154523510027598e-01
4.594079344600388026e-01 9.964636917998423993e-01 9.812581036358555275e-01
4.710385150792806286e-01 9.962813541731980749e-01 9.806965193768064637e-01
4.826690956985215664e-01 9.960943541488425090e-01 9.801307028140623379e-01
4.942996763177633923e-01 9.959026838827702566e-01 9.795606570002014513e-01
5.059302569370043301e-01 9.957063353218379431e-01 9.789863847993344192e-01
5.175608375562461561e-01 9.955053002024206732e-01 9.784078888864400358e-01
5.291914181754879820e-01 9.952995700490296915e-01 9.778251717464387927e-01
5.408219987947289198e-01 9.950891361728905204e-01 9.772382356733934072e-01
5.524525794139707457e-01 9.948739896704811292e-01 9.766470827695948875e-01
5.640831600332116835e-01 9.946541214220300242e-01 9.760517149446535923e-01
5.757137406524535095e-01 9.944295220899729282e-01 9.754521339145260095e-01
5.873443212716953354e-01 9.942001821173683807e-01 9.748483412005067850e-01
5.989749018909362732e-01 9.939660917262705953e-01 9.742403381281938834e-01
6.106054825101780992e-01 9.937272409160599063e-01 9.736281258264273264e-01
6.222360631294199251e-01 9.934836194617293614e-01 9.730117052261618715e-01
6.338666437486608629e-01 9.932352169121280161e-01 9.723910770593168218e-01
6.454972243679026889e-01 9.929820225881581530e-01 9.717662418575950811e-01
6.571278049871445148e-01 9.927240255809278713e-01 9.711371999512468101e-01
6.687583856063854526e-01 9.924612147498578230e-01 9.705039514678068802e-01
6.803889662256272786e-01 9.921935787207393220e-01 9.698664963307498388e-01
6.920195468448682163e-01 9.919211058837468231e-01 9.692248342581973874e-01
7.036501274641100423e-01 9.916437843913997741e-01 9.685789647614366782e-01
7.152807080833518683e-01 9.913616021564770620e-01 9.679288871436018127e-01
7.269112887025928060e-01 9.910745468498793898e-01 9.672746004980743439e-01
7.385418693218346320e-01 9.907826058984422479e-01 9.666161037070224449e-01
7.501724499410755698e-01 9.904857664826958175e-01 9.659533954398176192e-01
7.618030305603173957e-01 9.901840155345720262e-01 9.652864741514154412e-01
7.734336111795592217e-01 9.898773397350588699e-01 9.646153380807145350e-01
7.850641917988001595e-01 9.895657255117987772e-01 9.639399852488049758e-01
7.966947724180419854e-01 9.892491590366315757e-01 9.632604134572257948e-01
8.083253530372838114e-01 9.889276262230807246e-01 9.625766202861902876e-01
8.199559336565247492e-01 9.886011127237819274e-01 9.618886030927277231e-01
8.315865142757665751e-01 9.882696039278523470e-01 9.611963590086958220e-01
8.432170948950084011e-01 9.879330849582002028e-01 9.604998849389413396e-01
8.548476755142493388e-01 9.875915406687726383e-01 9.597991775592135122e-01
8.664782561334911648e-01 9.872449556417418615e-01 9.590942333141223575e-01
8.781088367527321026e-01 9.868933141846272239e-01 9.583850484150201465e-01
8.897394173719739285e-01 9.865366003273526863e-01 9.576716188378244787e-01
9.013699979912157545e-01 9.861747978192381137e-01 9.569539403208026096e-01
9.130005786104566923e-01 9.858078901259230697e-01 9.562320083622787292e-01
9.246311592296985182e-01 9.854358604262219989e-01 9.555058182182751825e-01
9.362617398489394560e-01 9.850586916089089096e-01 9.547753649001072818e-01
9.478923204681812820e-01 9.846763662694308916e-01 9.540406431719806735e-01
9.595229010874231079e-01 9.842888667065481378e-01 9.533016475483426788e-01
9.711534817066640457e-01 9.838961749188994688e-01 9.525583722913925078e-01
9.827840623259058717e-01 9.834982726014916965e-01 9.518108114084209426e-01
9.944146429451476976e-01 9.830951411421116060e-01 9.510589586490125757e-01
1.006045223564388635e+00 9.826867616176573339e-01 9.503028075023041144e-01
1.017675804183630461e+00 9.822731147903900339e-01 9.495423511941759598e-01
1.029306384802872287e+00 9.818541811041018308e-01 9.487775826842177462e-01
1.040936965422113225e+00 9.814299406801990644e-01 9.480084946628060116e-01
1.052567546041355051e+00 9.810003733136994919e-01 9.472350795480167784e-01
1.064198126660595989e+00 9.805654584691404496e-01 9.464573294824570882e-01
1.075828707279837815e+00 9.801251752763969760e-01 9.456752363300426900e-01
1.087459287899079641e+00 9.796795025264075640e-01 9.448887916727133351e-01
1.099089868518320579e+00 9.792284186668049895e-01 9.440979868070276115e-01
1.110720449137562404e+00 9.787719017974508828e-01 9.433028127407345753e-01
1.122351029756803342e+00 9.783099296658717137e-01 9.425032601891671913e-01
1.133981610376045168e+00 9.778424796625923010e-01 9.416993195716433229e-01
1.145612190995286994e+00 9.773695288163678496e-01 9.408909810077721314e-01
1.157242771614527932e+00 9.768910537893088497e-01 9.400782343135849484e-01
1.168873352233769758e+00 9.764070308718972857e-01 9.392610689976393923e-01
1.180503932853011584e+00 9.759174359778934882e-01 9.384394742570774106e-01
1.192134513472252522e+00 9.754222446391284107e-01 9.376134389734938068e-01
1.203765094091494348e+00 9.749214320001793332e-01 9.367829517087247204e-01
1.215395674710736174e+00 9.744149728129278820e-01 9.359480007005847035e-01
1.227026255329977111e+00 9.739028414309949255e-01 9.351085738584858920e-01
1.238656835949218937e+00 9.733850118040514587e-01 9.342646587589180651e-01
1.250287416568459875e+00 9.728614574720014785e-01 9.334162426408106894e-01
1.261917997187701701e+00 9.723321515590334085e-01 9.325633124008868569e-01
1.273548577806943527e+00 9.717970667675377427e-01 9.317058545887469956e-01
1.285179158426184465e+00 9.712561753718872426e-01 9.308438554020340705e-01
1.296809739045426291e+00 9.707094492120758034e-01 9.299773006812098730e-01
1.308440319664667228e+00 9.701568596872126582e-01 9.291061759045073920e-01
1.320070900283909054e+00 9.695983777488690336e-01 9.282304661825550030e-01
1.331701480903150880e+00 9.690339738942719272e-01 9.273501562529163911e-01
1.343332061522391818e+00 9.684636181593431203e-01 9.264652304745529809e-01
1.354962642141633644e+00 9.678872801115773195e-01 9.255756728221030682e-01
1.366593222760875470e+00 9.673049288427570946e-01 9.246814668800151793e-01
1.378223803380116408e+00 9.667165329614988423e-01 9.237825958365727397e-01
1.389854383999358234e+00 9.661220605856267740e-01 9.228790424777542079e-01
1.401484964618600060e+00 9.655214793343693813e-01 9.219707891809606481e-01
1.413115545237840998e+00 9.649147563203742672e-01 9.210578179085336936e-01
1.424746125857082824e+00 9.643018581415354618e-01 9.201401102011944610e-01
1.436376706476323761e+00 9.636827508726305558e-01 9.192176471712953933e-01
1.448007287095565587e+00 9.630574000567593274e-01 9.182904094958039831e-01
1.459637867714807413e+00 9.624257706965810844e-01 9.173583774093456711e-01
1.471268448334048351e+00 9.617878272453446176e-01 9.164215306967895547e-01
1.482899028953290177e+00 9.611435335977036587e-01 9.154798486858715112e-01
1.494529609572531115e+00 9.604928530803144016e-01 9.145333102395610814e-01
1.506160190191772941e+00 9.598357484422066488e-01 9.135818937481714475e-01
1.517790770811014767e+00 9.591721818449243653e-01 9.126255771213844792e-01
1.529421351430255704e+00 9.585021148524273116e-01 9.116643377799669157e-01
1.541051932049497530e+00 9.578255084207483172e-01 9.106981526474030586e-01
1.552682512668739356e+00 9.571423228873993105e-01 9.097269981411767459e-01
1.564313093287980294e+00 9.564525179605180005e-01 9.087508501639538494e-01
1.575943673907222120e+00 9.557560527077484380e-01 9.077696840944258216e-01
1.587574254526463946e+00 9.550528855448480181e-01 9.067834747780584292e-01
1.599204835145704884e+00 9.543429742240125968e-01 9.057921965174616785e-01
1.610835415764946710e+00 9.536262758219110625e-01 9.047958230625638976e-01
1.622465996384187648e+00 9.529027467274229224e-01 9.037943276006306093e-01
1.634096577003429474e+00 9.521723426290666925e-01 9.027876827458137798e-01
1.645727157622671299e+00 9.514350185021136497e-01 9.017758605286730900e-01
1.657357738241912237e+00 9.506907285953755116e-01 9.007588323852459000e-01
1.668988318861154063e+00 9.499394264176558300e-01 8.997365691458201198e-01
1.680618899480395001e+00 9.491810647238565490e-01 8.987090410236261429e-01
1.692249480099636827e+00 9.484155955007290695e-01 8.976762176029638995e-01
1.703880060718878653e+00 9.476429699522574968e-01 8.966380678271630433e-01
1.715510641338119591e+00 9.468631384846643018e-01 8.955945599862168427e-01
1.727141221957361417e+00 9.460760506910261824e-01 8.945456617040264957e-01
1.738771802576603243e+00 9.452816553354892459e-01 8.934913399253594513e-01
1.750402383195844180e+00 9.444799003370680790e-01 8.924315609024288110e-01
1.762032963815086006e+00 9.436707327530192702e-01 8.913662901810633921e-01
1.773663544434327832e+00 9.428540987617735070e-01 8.902954925866255476e-01
1.785294125053568770e+00 9.420299436454135922e-01 8.892191322094108452e-01
1.796924705672810596e+00 9.411982117716827245e-01 8.881371723897097947e-01
1.808555286292051534e+00 9.403588465755097214e-01 8.870495757024838834e-01
1.820185866911293360e+00 9.395117905400335312e-01 8.859563039415057073e-01
1.831816447530535186e+00 9.386569851771123796e-01 8.848573181032041157e-01
1.843447028149776123e+00 9.377943710073008976e-01 8.837525783699312631e-01
1.855077608769017949e+00 9.369238875392751353e-01 8.826420440928286482e-01
1.866708189388258887e+00 9.360454732486919172e-01 8.815256737742127591e-01
1.878338770007500713e+00 9.351590655564586685e-01 8.804034250493639746e-01
1.889969350626742539e+00 9.342646008063981711e-01 8.792752546679242220e-01
1.901599931245983477e+00 9.333620142422850430e-01 8.781411184746881204e-01
1.913230511865225303e+00 9.324512399842344035e-01 8.770009713898326842e-01
1.924861092484467129e+00 9.315322110044200743e-01 8.758547673885831442e-01
1.936491673103708067e+00 9.306048591020996685e-01 8.747024594803156639e-01
1.948122253722949893e+00 9.296691148779213654e-01 8.735439996869923673e-01
1.959752834342191719e+00 9.287249077074908321e-01 8.723793390210250465e-01
1.971383414961432656e+00 9.277721657141678735e-01 8.712084274623711488e-01
1.983013995580674482e+00 9.268108157410692716e-01 8.700312139350949714e-01
1.994644576199915420e+00 9.258407833222496164e-01 8.688476462830861946e-01
2.006275156819157246e+00 9.248619926530279312e-01 8.676576712451357087e-01
2.017905737438399072e+00 9.238743665594343346e-01 8.664612344292142998e-01
2.029536318057640010e+00 9.228778264667396591e-01 8.652582802859484223e-01
2.041166898676881836e+00 9.218722923670397140e-01 8.640487520813434630e-01
2.052797479296122773e+00 9.208576827858567793e-01 8.628325918685890716e-01
2.064428059915364599e+00 9.198339147477228028e-01 8.616097404590413733e-01
2.076058640534606425e+00 9.188009037407082191e-01 8.603801373922613793e-01
2.087689221153847363e+00 9.177585636798545332e-01 8.591437209051288049e-01
2.099319801773089189e+00 9.167068068694722571e-01 8.579004278999928790e-01
2.110950382392331015e+00 9.156455439642604555e-01 8.566501939117423525e-01
2.122580963011571953e+00 9.145746839292019370e-01 8.553929530738920706e-01
2.134211543630813779e+00 9.134941339981900166e-01 8.541286380835713121e-01
2.145842124250055605e+00 9.124037996313361099e-01 8.528571801652771178e-01
2.157472704869296543e+00 9.113035844709076461e-01 8.515785090335818985e-01
2.169103285488538368e+00 9.101933902958428968e-01 8.502925528545228762e-01
2.180733866107779306e+00 9.090731169747878759e-01 8.489992382057076625e-01
2.192364446727021132e+00 9.079426624175946925e-01 8.476984900351590690e-01
2.203995027346262958e+00 9.068019225252232918e-01 8.463902316187139618e-01
2.215625607965504784e+00 9.056507911379795273e-01 8.450743845159964795e-01
2.227256188584744834e+00 9.044891599820248373e-01 8.437508685249185403e-01
2.238886769203986660e+00 9.033169186140851403e-01 8.424196016345952831e-01
2.250517349823228486e+00 9.021339543642887815e-01 8.410804999766420265e-01
2.262147930442470312e+00 9.009401522770513759e-01 8.397334777747884615e-01
2.273778511061712138e+00 8.997353950499316078e-01 8.383784472927322540e-01
2.285409091680953964e+00 8.985195629703691678e-01 8.370153187801343542e-01
2.297039672300194013e+00 8.972925338502186765e-01 8.356440004167273727e-01
2.308670252919435839e+00 8.960541829579823370e-01 8.342643982544015735e-01
2.320300833538677665e+00 8.948043829486489464e-01 8.328764161572399516e-01
2.331931414157919491e+00 8.935430037910285783e-01 8.314799557393258711e-01
2.343561994777161317e+00 8.922699126924805713e-01 8.300749163003617870e-01
2.355192575396401367e+00 8.909849740209175861e-01 8.286611947588297111e-01
2.366823156015643193e+00 8.896880492239652716e-01 8.272386855827440488e-01
2.378453736634885018e+00 8.883789967451555247e-01 8.258072807177835317e-01
2.390084317254126844e+00 8.870576719370134589e-01 8.243668695127212009e-01
2.401714897873368670e+00 8.857239269709045182e-01 8.229173386420567393e-01
2.413345478492608720e+00 8.843776107434909717e-01 8.214585720256593060e-01
2.424976059111850546e+00 8.830185687796420213e-01 8.199904507453313895e-01
2.436606639731092372e+00 8.816466431316368757e-01 8.185128529581362500e-01
2.448237220350334198e+00 8.802616722744838196e-01 8.170256538063312979e-01
2.459867800969576024e+00 8.788634909971755338e-01 8.155287253237510914e-01
2.471498381588816073e+00 8.774519302896882644e-01 8.140219363384857409e-01
2.483128962208057899e+00 8.760268172255186725e-01 8.125051523716197988e-01
2.494759542827299725e+00 8.745879748395488651e-01 8.109782355319387070e-01
2.506390123446541551e+00 8.731352220010061282e-01 8.094410444062902776e-01
2.518020704065783377e+00 8.716683732812822161e-01 8.078934339454808544e-01
2.529651284685025203e+00 8.701872388163558458e-01 8.063352553454200544e-01
2.541281865304265253e+00 8.686916241635498359e-01 8.047663559233191322e-01
2.552912445923507079e+00 8.671813301523367823e-01 8.031865789886637463e-01
2.564543026542748905e+00 8.656561527288956226e-01 8.015957637087116616e-01
2.576173607161990731e+00 8.641158827940933485e-01 7.999937449682033019e-01
2.587804187781232557e+00 8.625603060345563566e-01 7.983803532230202560e-01
2.599434768400472606e+00 8.609892027464705055e-01 7.967554143474648853e-01
2.611065349019714432e+00 8.594023476517258509e-01 7.951187494747811169e-01
2.622695929638956258e+00 8.577995097060030494e-01 7.934701748306343116e-01
2.634326510258198084e+00 8.561804518983661128e-01 7.918095015590885799e-01
2.645957090877439910e+00 8.545449310419038769e-01 7.901365355406999580e-01
2.657587671496681736e+00 8.528926975549316891e-01 7.884510772023431979e-01
2.669218252115921786e+00 8.512234952322328407e-01 7.867529213182216097e-01
2.680848832735163612e+00 8.495370610057833005e-01 7.850418568016133136e-01
2.692479413354405438e+00 8.478331246943735522e-01 7.833176664868730654e-01
2.704109993973647263e+00 8.461114087414912666e-01 7.815801269010158592e-01
2.715740574592889089e+00 8.443716279407962322e-01 7.798290080243928113e-01
2.727371155212129139e+00 8.426134891484670097e-01 7.780640730397734295e-01
2.739001735831370965e+00 8.408366909816511470e-01 7.762850780691351593e-01
2.750632316450612791e+00 8.390409235022006085e-01 7.744917718974655418e-01
2.762262897069854617e+00 8.372258678848079061e-01 7.726838956827492000e-01
2.773893477689096443e+00 8.353911960686072335e-01 7.708611826513660503e-01
2.785524058308336492e+00 8.335365703912288593e-01 7.690233577779260754e-01
2.797154638927578318e+00 8.316616432042251983e-01 7.671701374486225022e-01
2.808785219546820144e+00 8.297660564687102669e-01 7.653012291070520057e-01
2.820415800166061970e+00 8.278494413299618548e-01 7.634163308814077009e-01
2.832046380785303796e+00 8.259114176696493725e-01 7.615151311917959243e-01
2.843676961404543846e+00 8.239515936342449720e-01 7.595973083364487843e-01
2.855307542023785672e+00 8.219695651380646284e-01 7.576625300554236109e-01
2.866938122643027498e+00 8.199649153392721823e-01 7.557104530702563050e-01
2.878568703262269324e+00 8.179372140870366792e-01 7.537407225980297110e-01
2.890199283881511150e+00 8.158860173379028913e-01 7.517529718380371317e-01
2.901829864500752976e+00 8.138108665392714824e-01 7.497468214292016819e-01
2.913460445119993025e+00 8.117112879777170775e-01 7.477218788762055590e-01
2.925091025739234851e+00 8.095867920896833159e-01 7.456777379421397622e-01
2.936721606358476677e+00 8.074368727318989025e-01 7.436139780052565262e-01
2.948352186977718503e+00 8.052610064086176411e-01 7.415301633772153345e-01
2.959982767596960329e+00 8.030586514525573927e-01 7.394258425801000234e-01
2.971613348216200379e+00 8.008292471561303527e-01 7.373005475790441743e-01
2.983243928835442205e+00 7.985722128492630523e-01 7.351537929671856375e-01
2.994874509454684031e+00 7.962869469197813022e-01 7.329850750993428532e-01
3.006505090073925857e+00 7.939728257719623761e-01 7.307938711704088375e-01
3.018135670693167683e+00 7.916292027184683722e-01 7.285796382342096811e-01
3.029766251312409509e+00 7.892554068004286050e-01 7.263418121580734743e-01
3.041396831931649558e+00 7.868507415299466068e-01 7.240798065079740997e-01
3.053027412550891384e+00 7.844144835487681933e-01 7.217930113585905305e-01
3.064657993170133210e+00 7.819458811962479716e-01 7.194807920221055753e-01
3.076288573789375036e+00 7.794441529790702150e-01 7.171424876889107569e-01
3.087919154408616862e+00 7.769084859344462801e-01 7.147774099727667307e-01
3.099549735027856912e+00 7.743380338776716387e-01 7.123848413522054779e-01
3.111180315647098737e+00 7.717319155239956707e-01 7.099640334990076074e-01
3.122810896266340563e+00 7.690892124737218616e-01 7.075142054838462480e-01
3.134441476885582389e+00 7.664089670482825412e-01 7.050345418479245785e-01
3.146072057504824215e+00 7.636901799637281218e-01 7.025241905283617916e-01
3.157702638124064265e+00 7.609318078265986385e-01 6.999822606237372513e-01
3.169333218743306091e+00 7.581327604354801686e-01 6.974078199846075465e-01
3.180963799362547917e+00 7.552918978696867569e-01 6.947998926122194163e-01
3.192594379981789743e+00 7.524080273443753963e-01 6.921574558466363492e-01
3.204224960601031569e+00 7.494798998090143050e-01 6.894794373232978613e-01
3.215855541220271618e+00 7.465062062633904816e-01 6.867647116746188329e-01
3.227486121839513444e+00 7.434855737622397820e-01 6.840120969503156179e-01
3.239116702458755270e+00 7.404165610760533589e-01 6.812203507269924962e-01
3.250747283077997096e+00 7.372976539715513367e-01 6.783881658737336284e-01
3.262377863697238922e+00 7.341272600706959528e-01 6.755141659363185225e-01
3.274008444316480748e+00 7.309037032417837754e-01 6.725969000977035650e-01
3.285639024935720798e+00 7.276252174700250652e-01 6.696348376668808111e-01
3.297269605554962624e+00 7.242899401479387933e-01 6.666263620416702507e-01
3.308900186174204450e+00 7.208959047177034840e-01 6.635697640835614974e-01
3.320530766793446276e+00 7.174410325880715700e-01 6.604632348339357639e-01
3.332161347412688102e+00 7.139231242373921260e-01 6.573048574908774144e-01
3.343791928031928151e+00 7.103398494013349884e-01 6.540925985538702525e-01
3.355422508651169977e+00 7.066887362287409546e-01 6.508242980297512803e-01
3.367053089270411803e+00 7.029671592712100070e-01 6.474976585769434134e-01
3.378683669889653629e+00 6.991723261509831255e-01 6.441102334455798273e-01
3.390314250508895455e+00 6.953012627267951551e-01 6.406594130482650140e-01
3.401944831128137281e+00 6.913507965477631023e-01 6.371424099689495524e-01
3.413575411747377331e+00 6.873175383500753632e-01 6.335562421848514036e-01
3.425205992366619157e+00 6.831978613089261243e-01 6.298977142373195504e-01
3.436836572985860982e+00 6.789878777072494431e-01 6.261633960406136623e-01
3.448467153605102808e+00 6.746834126212435390e-01 6.223495989606769863e-01
3.460097734224344634e+00 6.702799741479560369e-01 6.184523487269414366e-01
3.471728314843584684e+00 6.657727196089436861e-01 6.144673546558104826e-01
3.483358895462826510e+00 6.611564170520557449e-01 6.103899745608261096e-01
3.494989476082068336e+00 6.564254012352249701e-01 6.062151745965471683e-01
3.506620056701310162e+00 6.515735231046040354e-01 6.019374831241113277e-01
3.518250637320551988e+00 6.465940915651517962e-01 5.975509374877037150e-01
3.529881217939792037e+00 6.414798060723607698e-01 5.930490223409389250e-01
3.541511798559033863e+00 6.362226782326727559e-01 5.884245978450741710e-01
3.553142379178275689e+00 6.308139401649488498e-01 5.836698156560977679e-01
3.564772959797517515e+00 6.252439368156794686e-01 5.787760200964902069e-01
3.576403540416759341e+00 6.195019986948413493e-01 5.737336312309130326e-01
3.588034121035999391e+00 6.135762905493852282e-01 5.685320056785502230e-01
3.599664701655241217e+00 6.074536302359435647e-01 5.631592698220223570e-01
3.611295282274483043e+00 6.011192703777554769e-01 5.576021185045839657e-01
3.622925862893724869e+00 5.945566331260746518e-01 5.518455701864526386e-01
3.634556443512966695e+00 5.877469852496083336e-01 5.458726666272647465e-01
3.646187024132208521e+00 5.806690364842258534e-01 5.396641011320983949e-01
3.657817604751448570e+00 5.732984380417326387e-01 5.331977537246196386e-01
3.669448185370690396e+00 5.656071495578258723e-01 5.264481034928749636e-01
3.681078765989932222e+00 5.575626302311207372e-01 5.193854765323713263e-01
3.692709346609174048e+00 5.491267913395032618e-01 5.119750703604973863e-01
3.704339927228415874e+00 5.402546192127721802e-01 5.041756690503397254e-01
3.715970507847655924e+00 5.308923341580289446e-01 4.959379219505424263e-01
3.727601088466897750e+00 5.209748814145875873e-01 4.872019927717858856e-01
3.739231669086139576e+00 5.104224362179426988e-01 4.778942769734239593e-01
3.750862249705381402e+00 4.991354112073875804e-01 4.679226996542050210e-01
3.762492830324623228e+00 4.869871112269317237e-01 4.571697759806728212e-01
3.774123410943865053e+00 4.738125436203360352e-01 4.454820003283271879e-01
3.785753991563105103e+00 4.593906417352437987e-01 4.326529137417259863e-01
3.797384572182346929e+00 4.434145322627486840e-01 4.183946223293910083e-01
3.809015152801588755e+00 4.254384729060293746e-01 4.022865829487524136e-01
3.820645733420830581e+00 4.047748064778955435e-01 3.836750581086801892e-01
3.832276314040072407e+00 3.802693873280808545e-01 3.614500704130768627e-01
3.843906894659312456e+00 3.497221319313851828e-01 3.334488065980130700e-01
3.855537475278554282e+00 3.079104612732143087e-01 2.941471766376245744e-01
3.867168055897796108e+00 2.340493284096198112e-01 2.247526020293572901e-01
3.878798636517037934e+00 0.000000000000000000e+00 0.000000000000000000e+00
3.890429217136279760e+00 0.000000000000000000e+00 0.000000000000000000e+00
3.902059797755519810e+00 0.000000000000000000e+00 0.000000000000000000e+00
3.913690378374761636e+00 0.000000000000000000e+00 0.000000000000000000e+00
3.925320958994003462e+00 0.000000000000000000e+00 0.000000000000000000e+00
3.936951539613245288e+00 0.000000000000000000e+00 0.000000000000000000e+00
3.948582120232487114e+00 0.000000000000000000e+00 0.000000000000000000e+00
3.960212700851727163e+00 0.000000000000000000e+00 0.000000000000000000e+00
3.971843281470968989e+00 0.000000000000000000e+00 0.000000000000000000e+00
3.983473862090210815e+00 0.000000000000000000e+00 0.000000000000000000e+00
3.995104442709452641e+00 0.000000000000000000e+00 0.000000000000000000e+00
4.006735023328694467e+00 0.000000000000000000e+00 0.000000000000000000e+00
4.018365603947936293e+00 0.000000000000000000e+00 0.000000000000000000e+00
4.029996184567176343e+00 0.000000000000000000e+00 0.000000000000000000e+00
4.041626765186418169e+00 0.000000000000000000e+00 0.000000000000000000e+00
4.053257345805659995e+00 0.000000000000000000e+00 0.000000000000000000e+00
4.064887926424901821e+00 0.000000000000000000e+00 0.000000000000000000e+00
4.076518507044143647e+00 0.000000000000000000e+00 0.000000000000000000e+00
4.088149087663383696e+00 0.000000000000000000e+00 0.000000000000000000e+00
4.099779668282625522e+00 0.000000000000000000e+00 0.000000000000000000e+00
4.111410248901867348e+00 0.000000000000000000e+00 0.000000000000000000e+00
4.123040829521109174e+00 0.000000000000000000e+00 0.000000000000000000e+00
4.134671410140351000e+00 0.000000000000000000e+00 0.000000000000000000e+00
4.146301990759592826e+00 0.000000000000000000e+00 0.000000000000000000e+00
4.157932571378832876e+00 0.000000000000000000e+00 0.000000000000000000e+00
4.169563151998074702e+00 0.000000000000000000e+00 0.000000000000000000e+00
4.181193732617316527e+00 0.000000000000000000e+00 0.000000000000000000e+00
4.192824313236558353e+00 0.000000000000000000e+00 0.000000000000000000e+00
4.204454893855800179e+00 0.000000000000000000e+00 0.000000000000000000e+00
4.216085474475040229e+00 0.000000000000000000e+00 0.000000000000000000e+00
4.227716055094282055e+00 0.000000000000000000e+00 0.000000000000000000e+00
4.239346635713523881e+00 0.000000000000000000e+00 0.000000000000000000e+00
4.250977216332765707e+00 0.000000000000000000e+00 0.000000000000000000e+00
4.262607796952007533e+00 0.000000000000000000e+00 0.000000000000000000e+00
4.274238377571247582e+00 0.000000000000000000e+00 0.000000000000000000e+00
4.285868958190489408e+00 0.000000000000000000e+00 0.000000000000000000e+00
4.297499538809731234e+00 0.000000000000000000e+00 0.000000000000000000e+00
4.309130119428973060e+00 0.000000000000000000e+00 0.000000000000000000e+00
4.320760700048214886e+00 0.000000000000000000e+00 0.000000000000000000e+00
4.332391280667454936e+00 0.000000000000000000e+00 0.000000000000000000e+00
4.344021861286696762e+00 0.000000000000000000e+00 0.000000000000000000e+00
4.355652441905938588e+00 0.000000000000000000e+00 0.000000000000000000e+00
4.367283022525180414e+00 0.000000000000000000e+00 0.000000000000000000e+00
4.378913603144422240e+00 0.000000000000000000e+00 0.000000000000000000e+00
4.390544183763664066e+00 0.000000000000000000e+00 0.000000000000000000e+00
4.402174764382904115e+00 0.000000000000000000e+00 0.000000000000000000e+00
4.413805345002145941e+00 0.000000000000000000e+00 0.000000000000000000e+00
4.425435925621387767e+00 0.000000000000000000e+00 0.000000000000000000e+00
4.437066506240629593e+00 0.000000000000000000e+00 0.000000000000000000e+00
4.448697086859871419e+00 0.000000000000000000e+00 0.000000000000000000e+00
4.460327667479111469e+00 0.000000000000000000e+00 0.000000000000000000e+00
4.471958248098353295e+00 0.000000000000000000e+00 0.000000000000000000e+00
4.483588828717595121e+00 0.000000000000000000e+00 0.000000000000000000e+00
4.495219409336836947e+00 0.000000000000000000e+00 0.000000000000000000e+00
4.506849989956078772e+00 0.000000000000000000e+00 0.000000000000000000e+00
4.518480570575320598e+00 0.000000000000000000e+00 0.000000000000000000e+00
4.530111151194560648e+00 0.000000000000000000e+00 0.000000000000000000e+00
4.541741731813802474e+00 0.000000000000000000e+00 0.000000000000000000e+00
4.553372312433044300e+00 0.000000000000000000e+00 0.000000000000000000e+00
4.565002893052286126e+00 0.000000000000000000e+00 0.000000000000000000e+00
4.576633473671527952e+00 0.000000000000000000e+00 0.000000000000000000e+00
4.588264054290768001e+00 0.000000000000000000e+00 0.000000000000000000e+00
4.599894634910009827e+00 0.000000000000000000e+00 0.000000000000000000e+00
4.611525215529251653e+00 0.000000000000000000e+00 0.000000000000000000e+00
4.623155796148493479e+00 0.000000000000000000e+00 0.000000000000000000e+00
4.634786376767735305e+00 0.000000000000000000e+00 0.000000000000000000e+00
4.646416957386975355e+00 0.000000000000000000e+00 0.000000000000000000e+00
4.658047538006217181e+00 0.000000000000000000e+00 0.000000000000000000e+00
4.669678118625459007e+00 0.000000000000000000e+00 0.000000000000000000e+00
4.681308699244700833e+00 0.000000000000000000e+00 0.000000000000000000e+00
4.692939279863942659e+00 0.000000000000000000e+00 0.000000000000000000e+00
4.704569860483182708e+00 0.000000000000000000e+00 0.000000000000000000e+00
4.716200441102424534e+00 0.000000000000000000e+00 0.000000000000000000e+00
4.727831021721666360e+00 0.000000000000000000e+00 0.000000000000000000e+00
4.739461602340908186e+00 0.000000000000000000e+00 0.000000000000000000e+00
4.751092182960150012e+00 0.000000000000000000e+00 0.000000000000000000e+00
4.762722763579391838e+00 0.000000000000000000e+00 0.000000000000000000e+00
4.774353344198631888e+00 0.000000000000000000e+00 0.000000000000000000e+00
4.785983924817873714e+00 0.000000000000000000e+00 0.000000000000000000e+00
4.797614505437115540e+00 0.000000000000000000e+00 0.000000000000000000e+00
4.809245086056357366e+00 0.000000000000000000e+00 0.000000000000000000e+00
4.820875666675599192e+00 0.000000000000000000e+00 0.000000000000000000e+00
4.832506247294839241e+00 0.000000000000000000e+00 0.000000000000000000e+00
4.844136827914081067e+00 0.000000000000000000e+00 0.000000000000000000e+00
4.855767408533322893e+00 0.000000000000000000e+00 0.000000000000000000e+00
4.867397989152564719e+00 0.000000000000000000e+00 0.000000000000000000e+00
4.879028569771806545e+00 0.000000000000000000e+00 0.000000000000000000e+00
4.890659150391048371e+00 0.000000000000000000e+00 0.000000000000000000e+00
4.902289731010288421e+00 0.000000000000000000e+00 0.000000000000000000e+00
4.913920311629530246e+00 0.000000000000000000e+00 0.000000000000000000e+00
4.925550892248772072e+00 0.000000000000000000e+00 0.000000000000000000e+00
4.937181472868013898e+00 0.000000000000000000e+00 0.000000000000000000e+00
4.948812053487255724e+00 0.000000000000000000e+00 0.000000000000000000e+00
4.960442634106495774e+00 0.000000000000000000e+00 0.000000000000000000e+00
4.972073214725737600e+00 0.000000000000000000e+00 0.000000000000000000e+00
4.983703795344979426e+00 0.000000000000000000e+00 0.000000000000000000e+00
4.995334375964221252e+00 0.000000000000000000e+00 0.000000000000000000e+00
5.006964956583463078e+00 0.000000000000000000e+00 0.000000000000000000e+00
5.018595537202703127e+00 0.000000000000000000e+00 0.000000000000000000e+00
5.030226117821944953e+00 0.000000000000000000e+00 0.000000000000000000e+00
5.041856698441186779e+00 0.000000000000000000e+00 0.000000000000000000e+00
5.053487279060428605e+00 0.000000000000000000e+00 0.000000000000000000e+00
5.065117859679670431e+00 0.000000000000000000e+00 0.000000000000000000e+00
5.076748440298910481e+00 0.000000000000000000e+00 0.000000000000000000e+00
5.088379020918152307e+00 0.000000000000000000e+00 0.000000000000000000e+00
5.100009601537394133e+00 0.000000000000000000e+00 0.000000000000000000e+00
5.111640182156635959e+00 0.000000000000000000e+00 0.000000000000000000e+00
5.123270762775877785e+00 0.000000000000000000e+00 0.000000000000000000e+00
5.134901343395119611e+00 0.000000000000000000e+00 0.000000000000000000e+00
5.146531924014359660e+00 0.000000000000000000e+00 0.000000000000000000e+00
5.158162504633601486e+00 0.000000000000000000e+00 0.000000000000000000e+00
5.169793085252843312e+00 0.000000000000000000e+00 0.000000000000000000e+00
5.181423665872085138e+00 0.000000000000000000e+00 0.000000000000000000e+00
5.193054246491326964e+00 0.000000000000000000e+00 0.000000000000000000e+00
5.204684827110567014e+00 0.000000000000000000e+00 0.000000000000000000e+00
5.216315407729808840e+00 0.000000000000000000e+00 0.000000000000000000e+00
5.227945988349050666e+00 0.000000000000000000e+00 0.000000000000000000e+00
5.239576568968292491e+00 0.000000000000000000e+00 0.000000000000000000e+00
5.251207149587534317e+00 0.000000000000000000e+00 0.000000000000000000e+00
5.262837730206776143e+00 0.000000000000000000e+00 0.000000000000000000e+00
5.274468310826016193e+00 0.000000000000000000e+00 0.000000000000000000e+00
5.286098891445258019e+00 0.000000000000000000e+00 0.000000000000000000e+00
5.297729472064499845e+00 0.000000000000000000e+00 0.000000000000000000e+00
5.309360052683741671e+00 0.000000000000000000e+00 0.000000000000000000e+00
5.320990633302983497e+00 0.000000000000000000e+00 0.000000000000000000e+00
5.332621213922223546e+00 0.000000000000000000e+00 0.000000000000000000e+00
5.344251794541465372e+00 0.000000000000000000e+00 0.000000000000000000e+00
5.355882375160707198e+00 0.000000000000000000e+00 0.000000000000000000e+00
5.367512955779949024e+00 0.000000000000000000e+00 0.000000000000000000e+00
5.379143536399190850e+00 0.000000000000000000e+00 0.000000000000000000e+00
5.390774117018430900e+00 0.000000000000000000e+00 0.000000000000000000e+00
5.402404697637672726e+00 0.000000000000000000e+00 0.000000000000000000e+00
5.414035278256914552e+00 0.000000000000000000e+00 0.000000000000000000e+00
5.425665858876156378e+00 0.000000000000000000e+00 0.000000000000000000e+00
5.437296439495398204e+00 0.000000000000000000e+00 0.000000000000000000e+00
5.448927020114638253e+00 0.000000000000000000e+00 0.000000000000000000e+00
5.460557600733880079e+00 0.000000000000000000e+00 0.000000000000000000e+00
5.472188181353121905e+00 0.000000000000000000e+00 0.000000000000000000e+00
5.483818761972363731e+00 0.000000000000000000e+00 0.000000000000000000e+00
5.495449342591605557e+00 0.000000000000000000e+00 0.000000000000000000e+00
5.507079923210847383e+00 0.000000000000000000e+00 0.000000000000000000e+00
5.518710503830087433e+00 0.000000000000000000e+00 0.000000000000000000e+00
5.530341084449329259e+00 0.000000000000000000e+00 0.000000000000000000e+00
5.541971665068571085e+00 0.000000000000000000e+00 0.000000000000000000e+00
5.553602245687812911e+00 0.000000000000000000e+00 0.000000000000000000e+00
5.565232826307054737e+00 0.000000000000000000e+00 0.000000000000000000e+00
5.576863406926294786e+00 0.000000000000000000e+00 0.000000000000000000e+00
5.588493987545536612e+00 0.000000000000000000e+00 0.000000000000000000e+00
5.600124568164778438e+00 0.000000000000000000e+00 0.000000000000000000e+00
5.611755148784020264e+00 0.000000000000000000e+00 0.000000000000000000e+00
5.623385729403262090e+00 0.000000000000000000e+00 0.000000000000000000e+00
5.635016310022503916e+00 0.000000000000000000e+00 0.000000000000000000e+00
5.646646890641743965e+00 0.000000000000000000e+00 0.000000000000000000e+00
5.658277471260985791e+00 0.000000000000000000e+00 0.000000000000000000e+00
5.669908051880227617e+00 0.000000000000000000e+00 0.000000000000000000e+00
5.681538632499469443e+00 0.000000000000000000e+00 0.000000000000000000e+00
5.693169213118711269e+00 0.000000000000000000e+00 0.000000000000000000e+00
5.704799793737951319e+00 0.000000000000000000e+00 0.000000000000000000e+00
5.716430374357193145e+00 0.000000000000000000e+00 0.000000000000000000e+00
5.728060954976434971e+00 0.000000000000000000e+00 0.000000000000000000e+00
5.739691535595676797e+00 0.000000000000000000e+00 0.000000000000000000e+00
5.751322116214918623e+00 0.000000000000000000e+00 0.000000000000000000e+00
5.762952696834158672e+00 0.000000000000000000e+00 0.000000000000000000e+00
5.774583277453400498e+00 0.000000000000000000e+00 0.000000000000000000e+00
5.786213858072642324e+00 0.000000000000000000e+00 0.000000000000000000e+00
5.797844438691884150e+00 0.000000000000000000e+00 0.000000000000000000e+00
5.809475019311125976e+00 0.000000000000000000e+00 0.000000000000000000e+00
