# Traveling wave profile for m=3, c=1.0
# xi f residual
-5.196152422706632024e+00 0.000000000000000000e+00 0.000000000000000000e+00
-5.185749715153665562e+00 0.000000000000000000e+00 0.000000000000000000e+00
-5.175347007600699989e+00 0.000000000000000000e+00 0.000000000000000000e+00
-5.164944300047733527e+00 0.000000000000000000e+00 0.000000000000000000e+00
-5.154541592494767066e+00 0.000000000000000000e+00 0.000000000000000000e+00
-5.144138884941800605e+00 0.000000000000000000e+00 0.000000000000000000e+00
-5.133736177388835031e+00 0.000000000000000000e+00 0.000000000000000000e+00
-5.123333469835868570e+00 0.000000000000000000e+00 0.000000000000000000e+00
-5.112930762282902108e+00 0.000000000000000000e+00 0.000000000000000000e+00
-5.102528054729935647e+00 0.000000000000000000e+00 0.000000000000000000e+00
-5.092125347176970074e+00 0.000000000000000000e+00 0.000000000000000000e+00
-5.081722639624003612e+00 0.000000000000000000e+00 0.000000000000000000e+00
-5.071319932071037151e+00 0.000000000000000000e+00 0.000000000000000000e+00
-5.060917224518070689e+00 0.000000000000000000e+00 0.000000000000000000e+00
-5.050514516965105116e+00 0.000000000000000000e+00 0.000000000000000000e+00
-5.040111809412138655e+00 0.000000000000000000e+00 0.000000000000000000e+00
-5.029709101859172193e+00 0.000000000000000000e+00 0.000000000000000000e+00
-5.019306394306205732e+00 0.000000000000000000e+00 0.000000000000000000e+00
-5.008903686753240159e+00 0.000000000000000000e+00 0.000000000000000000e+00
-4.998500979200273697e+00 0.000000000000000000e+00 0.000000000000000000e+00
-4.988098271647307236e+00 0.000000000000000000e+00 0.000000000000000000e+00
-4.977695564094340774e+00 0.000000000000000000e+00 0.000000000000000000e+00
-4.967292856541375201e+00 0.000000000000000000e+00 0.000000000000000000e+00
-4.956890148988408740e+00 0.000000000000000000e+00 0.000000000000000000e+00
-4.946487441435442278e+00 0.000000000000000000e+00 0.000000000000000000e+00
-4.936084733882475817e+00 0.000000000000000000e+00 0.000000000000000000e+00
-4.925682026329510244e+00 0.000000000000000000e+00 0.000000000000000000e+00
-4.915279318776543782e+00 0.000000000000000000e+00 0.000000000000000000e+00
-4.904876611223577321e+00 0.000000000000000000e+00 0.000000000000000000e+00
-4.894473903670611747e+00 0.000000000000000000e+00 0.000000000000000000e+00
-4.884071196117645286e+00 0.000000000000000000e+00 0.000000000000000000e+00
-4.873668488564678825e+00 0.000000000000000000e+00 0.000000000000000000e+00
-4.863265781011712363e+00 0.000000000000000000e+00 0.000000000000000000e+00
-4.852863073458746790e+00 0.000000000000000000e+00 0.000000000000000000e+00
-4.842460365905780328e+00 0.000000000000000000e+00 0.000000000000000000e+00
-4.832057658352813867e+00 0.000000000000000000e+00 0.000000000000000000e+00
-4.821654950799847406e+00 0.000000000000000000e+00 0.000000000000000000e+00
-4.811252243246881832e+00 0.000000000000000000e+00 0.000000000000000000e+00
-4.800849535693915371e+00 0.000000000000000000e+00 0.000000000000000000e+00
-4.790446828140948909e+00 0.000000000000000000e+00 0.000000000000000000e+00
-4.780044120587982448e+00 0.000000000000000000e+00 0.000000000000000000e+00
-4.769641413035016875e+00 0.000000000000000000e+00 0.000000000000000000e+00
-4.759238705482050413e+00 0.000000000000000000e+00 0.000000000000000000e+00
-4.748835997929083952e+00 0.000000000000000000e+00 0.000000000000000000e+00
-4.738433290376117490e+00 0.000000000000000000e+00 0.000000000000000000e+00
-4.728030582823151917e+00 0.000000000000000000e+00 0.000000000000000000e+00
-4.717627875270185456e+00 0.000000000000000000e+00 0.000000000000000000e+00
-4.707225167717218994e+00 0.000000000000000000e+00 0.000000000000000000e+00
-4.696822460164252533e+00 0.000000000000000000e+00 0.000000000000000000e+00
-4.686419752611286960e+00 0.000000000000000000e+00 0.000000000000000000e+00
-4.676017045058320498e+00 0.000000000000000000e+00 0.000000000000000000e+00
-4.665614337505354037e+00 0.000000000000000000e+00 0.000000000000000000e+00
-4.655211629952388463e+00 0.000000000000000000e+00 0.000000000000000000e+00
-4.644808922399422002e+00 0.000000000000000000e+00 0.000000000000000000e+00
-4.634406214846455541e+00 0.000000000000000000e+00 0.000000000000000000e+00
-4.624003507293489079e+00 0.000000000000000000e+00 0.000000000000000000e+00
-4.613600799740522618e+00 0.000000000000000000e+00 0.000000000000000000e+00
-4.603198092187557044e+00 0.000000000000000000e+00 0.000000000000000000e+00
-4.592795384634590583e+00 0.000000000000000000e+00 0.000000000000000000e+00
-4.582392677081624122e+00 0.000000000000000000e+00 0.000000000000000000e+00
-4.571989969528658548e+00 0.000000000000000000e+00 0.000000000000000000e+00
-4.561587261975692087e+00 0.000000000000000000e+00 0.000000000000000000e+00
-4.551184554422725625e+00 0.000000000000000000e+00 0.000000000000000000e+00
-4.540781846869759164e+00 0.000000000000000000e+00 0.000000000000000000e+00
-4.530379139316793591e+00 0.000000000000000000e+00 0.000000000000000000e+00
-4.519976431763827129e+00 0.000000000000000000e+00 0.000000000000000000e+00
-4.509573724210860668e+00 0.000000000000000000e+00 0.000000000000000000e+00
-4.499171016657894207e+00 0.000000000000000000e+00 0.000000000000000000e+00
-4.488768309104928633e+00 0.000000000000000000e+00 0.000000000000000000e+00
-4.478365601551962172e+00 0.000000000000000000e+00 0.000000000000000000e+00
-4.467962893998995710e+00 0.000000000000000000e+00 0.000000000000000000e+00
-4.457560186446029249e+00 0.000000000000000000e+00 0.000000000000000000e+00
-4.447157478893063676e+00 0.000000000000000000e+00 0.000000000000000000e+00
-4.436754771340097214e+00 0.000000000000000000e+00 0.000000000000000000e+00
-4.426352063787130753e+00 0.000000000000000000e+00 0.000000000000000000e+00
-4.415949356234165180e+00 0.000000000000000000e+00 0.000000000000000000e+00
-4.405546648681198718e+00 0.000000000000000000e+00 0.000000000000000000e+00
-4.395143941128232257e+00 0.000000000000000000e+00 0.000000000000000000e+00
-4.384741233575265795e+00 0.000000000000000000e+00 0.000000000000000000e+00
-4.374338526022299334e+00 0.000000000000000000e+00 0.000000000000000000e+00
-4.363935818469333761e+00 0.000000000000000000e+00 0.000000000000000000e+00
-4.353533110916367299e+00 0.000000000000000000e+00 0.000000000000000000e+00
-4.343130403363400838e+00 0.000000000000000000e+00 0.000000000000000000e+00
-4.332727695810435264e+00 0.000000000000000000e+00 0.000000000000000000e+00
-4.322324988257468803e+00 0.000000000000000000e+00 0.000000000000000000e+00
-4.311922280704502342e+00 0.000000000000000000e+00 0.000000000000000000e+00
-4.301519573151535880e+00 0.000000000000000000e+00 0.000000000000000000e+00
-4.291116865598570307e+00 0.000000000000000000e+00 0.000000000000000000e+00
-4.280714158045603845e+00 0.000000000000000000e+00 0.000000000000000000e+00
-4.270311450492637384e+00 0.000000000000000000e+00 0.000000000000000000e+00
-4.259908742939670923e+00 0.000000000000000000e+00 0.000000000000000000e+00
-4.249506035386705349e+00 0.000000000000000000e+00 0.000000000000000000e+00
-4.239103327833738888e+00 0.000000000000000000e+00 0.000000000000000000e+00
-4.228700620280772426e+00 0.000000000000000000e+00 0.000000000000000000e+00
-4.218297912727805965e+00 0.000000000000000000e+00 0.000000000000000000e+00
-4.207895205174840392e+00 0.000000000000000000e+00 0.000000000000000000e+00
-4.197492497621873930e+00 0.000000000000000000e+00 0.000000000000000000e+00
-4.187089790068907469e+00 0.000000000000000000e+00 0.000000000000000000e+00
-4.176687082515941896e+00 0.000000000000000000e+00 0.000000000000000000e+00
-4.166284374962975434e+00 0.000000000000000000e+00 0.000000000000000000e+00
-4.155881667410008973e+00 0.000000000000000000e+00 0.000000000000000000e+00
-4.145478959857042511e+00 0.000000000000000000e+00 0.000000000000000000e+00
-4.135076252304076050e+00 0.000000000000000000e+00 0.000000000000000000e+00
-4.124673544751110477e+00 0.000000000000000000e+00 0.000000000000000000e+00
-4.114270837198144015e+00 0.000000000000000000e+00 0.000000000000000000e+00
-4.103868129645177554e+00 0.000000000000000000e+00 0.000000000000000000e+00
-4.093465422092211980e+00 0.000000000000000000e+00 0.000000000000000000e+00
-4.083062714539245519e+00 0.000000000000000000e+00 0.000000000000000000e+00
-4.072660006986279058e+00 0.000000000000000000e+00 0.000000000000000000e+00
-4.062257299433312596e+00 0.000000000000000000e+00 0.000000000000000000e+00
-4.051854591880346135e+00 0.000000000000000000e+00 0.000000000000000000e+00
-4.041451884327380562e+00 0.000000000000000000e+00 0.000000000000000000e+00
-4.031049176774414100e+00 0.000000000000000000e+00 0.000000000000000000e+00
-4.020646469221447639e+00 0.000000000000000000e+00 0.000000000000000000e+00
-4.010243761668482065e+00 0.000000000000000000e+00 0.000000000000000000e+00
-3.999841054115515604e+00 0.000000000000000000e+00 0.000000000000000000e+00
-3.989438346562549143e+00 0.000000000000000000e+00 0.000000000000000000e+00
-3.979035639009583125e+00 0.000000000000000000e+00 0.000000000000000000e+00
-3.968632931456617108e+00 0.000000000000000000e+00 0.000000000000000000e+00
-3.958230223903650646e+00 0.000000000000000000e+00 0.000000000000000000e+00
-3.947827516350684185e+00 0.000000000000000000e+00 0.000000000000000000e+00
-3.937424808797718168e+00 0.000000000000000000e+00 0.000000000000000000e+00
-3.927022101244752150e+00 0.000000000000000000e+00 0.000000000000000000e+00
-3.916619393691785689e+00 0.000000000000000000e+00 0.000000000000000000e+00
-3.906216686138819227e+00 0.000000000000000000e+00 0.000000000000000000e+00
-3.895813978585853210e+00 0.000000000000000000e+00 0.000000000000000000e+00
-3.885411271032887193e+00 0.000000000000000000e+00 0.000000000000000000e+00
-3.875008563479920731e+00 0.000000000000000000e+00 0.000000000000000000e+00
-3.864605855926954270e+00 0.000000000000000000e+00 0.000000000000000000e+00
-3.854203148373988252e+00 0.000000000000000000e+00 0.000000000000000000e+00
-3.843800440821022235e+00 0.000000000000000000e+00 0.000000000000000000e+00
-3.833397733268055774e+00 0.000000000000000000e+00 0.000000000000000000e+00
-3.822995025715089312e+00 0.000000000000000000e+00 0.000000000000000000e+00
-3.812592318162123295e+00 0.000000000000000000e+00 0.000000000000000000e+00
-3.802189610609157278e+00 0.000000000000000000e+00 0.000000000000000000e+00
-3.791786903056190816e+00 0.000000000000000000e+00 0.000000000000000000e+00
-3.781384195503224355e+00 0.000000000000000000e+00 0.000000000000000000e+00
-3.770981487950258337e+00 0.000000000000000000e+00 0.000000000000000000e+00
-3.760578780397292320e+00 0.000000000000000000e+00 0.000000000000000000e+00
-3.750176072844325859e+00 0.000000000000000000e+00 0.000000000000000000e+00
-3.739773365291359397e+00 0.000000000000000000e+00 0.000000000000000000e+00
-3.729370657738393824e+00 0.000000000000000000e+00 0.000000000000000000e+00
-3.718967950185427362e+00 0.000000000000000000e+00 0.000000000000000000e+00
-3.708565242632460901e+00 0.000000000000000000e+00 0.000000000000000000e+00
-3.698162535079494884e+00 0.000000000000000000e+00 0.000000000000000000e+00
-3.687759827526528866e+00 0.000000000000000000e+00 0.000000000000000000e+00
-3.677357119973562405e+00 0.000000000000000000e+00 0.000000000000000000e+00
-3.666954412420595943e+00 0.000000000000000000e+00 0.000000000000000000e+00
-3.656551704867629926e+00 0.000000000000000000e+00 0.000000000000000000e+00
-3.646148997314663909e+00 0.000000000000000000e+00 0.000000000000000000e+00
-3.635746289761697447e+00 0.000000000000000000e+00 0.000000000000000000e+00
-3.625343582208730986e+00 0.000000000000000000e+00 0.000000000000000000e+00
-3.614940874655764969e+00 0.000000000000000000e+00 0.000000000000000000e+00
-3.604538167102798951e+00 0.000000000000000000e+00 0.000000000000000000e+00
-3.594135459549832490e+00 0.000000000000000000e+00 0.000000000000000000e+00
-3.583732751996866028e+00 0.000000000000000000e+00 0.000000000000000000e+00
-3.573330044443900011e+00 0.000000000000000000e+00 0.000000000000000000e+00
-3.562927336890933994e+00 0.000000000000000000e+00 0.000000000000000000e+00
-3.552524629337967532e+00 0.000000000000000000e+00 0.000000000000000000e+00
-3.542121921785001071e+00 0.000000000000000000e+00 0.000000000000000000e+00
-3.531719214232035053e+00 0.000000000000000000e+00 0.000000000000000000e+00
-3.521316506679069036e+00 0.000000000000000000e+00 0.000000000000000000e+00
-3.510913799126102575e+00 0.000000000000000000e+00 0.000000000000000000e+00
-3.500511091573136113e+00 0.000000000000000000e+00 0.000000000000000000e+00
-3.490108384020170096e+00 0.000000000000000000e+00 0.000000000000000000e+00
-3.479705676467204079e+00 0.000000000000000000e+00 0.000000000000000000e+00
-3.469302968914237617e+00 0.000000000000000000e+00 0.000000000000000000e+00
-3.458900261361271600e+00 5.477908812899305591e-02 5.552814863423018860e-02
-3.448497553808305582e+00 9.480885216148185468e-02 9.757480264834608730e-02
-3.438094846255339121e+00 1.223055695626318051e-01 1.266843823932713164e-01
-3.427692138702372660e+00 1.446048069388762847e-01 1.506416197445956118e-01
-3.417289431149406642e+00 1.638426439592177986e-01 1.715361333079729600e-01
-3.406886723596440625e+00 1.809978942286140091e-01 1.903384136218072287e-01
-3.396484016043474163e+00 1.966164474217913516e-01 2.075915875821871537e-01
-3.386081308490507702e+00 2.110397617139185833e-01 2.236359318373489780e-01
-3.375678600937541685e+00 2.244983264919735710e-01 2.387013558918404110e-01
-3.365275893384575667e+00 2.371564465011522238e-01 2.529518567964366138e-01
-3.354873185831609206e+00 2.491361587211683160e-01 2.665093022867107697e-01
-3.344470478278642744e+00 2.605310633946597565e-01 2.794672000675256784e-01
-3.334067770725676727e+00 2.714148270649432426e-01 2.918991695169150247e-01
-3.323665063172710710e+00 2.818466704677592971e-01 3.038644124736684660e-01
-3.313262355619744248e+00 2.918750535807378421e-01 3.154113883911104921e-01
-3.302859648066777787e+00 3.015402329668189219e-01 3.265803656762913398e-01
-3.292456940513811769e+00 3.108760866302453518e-01 3.374052427552483024e-01
-3.282054232960845752e+00 3.199114476309282695e-01 3.479148792120470013e-01
-3.271651525407879291e+00 3.286710990610898220e-01 3.581340891014957450e-01
-3.261248817854912829e+00 3.371765299315199194e-01 3.680843956883333989e-01
-3.250846110301946812e+00 3.454465186700038659e-01 3.777846141371780653e-01
-3.240443402748980795e+00 3.534975899942137678e-01 3.872513078043005597e-01
-3.230040695196014333e+00 3.613443772194848691e-01 3.964991501203272151e-01
-3.219637987643047872e+00 3.689999128868262646e-01 4.055412149023929214e-01
-3.209235280090081854e+00 3.764758643243429903e-01 4.143892116775093060e-01
-3.198832572537115837e+00 3.837827263869035277e-01 4.230536782404877294e-01
-3.188429864984149376e+00 3.909299805247693493e-01 4.315441395821792980e-01
-3.178027157431183358e+00 3.979262271064274992e-01 4.398692401026806365e-01
-3.167624449878216897e+00 4.047792962975547693e-01 4.480368544038522693e-01
-3.157221742325250879e+00 4.114963415986331308e-01 4.560541807581386942e-01
-3.146819034772284418e+00 4.180839192469646415e-01 4.639278204553671237e-01
-3.136416327219318401e+00 4.245480560109463064e-01 4.716638455523617934e-01
-3.126013619666351939e+00 4.308943073868262141e-01 4.792678570333155919e-01
-3.115610912113385922e+00 4.371278078091115349e-01 4.867450349903386098e-01
-3.105208204560419460e+00 4.432533141754888550e-01 4.941001821237330782e-01
-3.094805497007453443e+00 4.492752437437850244e-01 5.013377616184852004e-01
-3.084402789454486982e+00 4.551977072662473645e-01 5.084619302614533654e-01
-3.074000081901520964e+00 4.610245380733945519e-01 5.154765675108572420e-01
-3.063597374348554947e+00 4.667593176970903368e-01 5.223853011072423502e-01
-3.053194666795588486e+00 4.724053985236071340e-01 5.291915297162730347e-01
-3.042791959242622468e+00 4.779659238872268623e-01 5.358984430135902421e-01
-3.032389251689656007e+00 4.834438459494759810e-01 5.425090395565731471e-01
-3.021986544136689989e+00 4.888419416553767549e-01 5.490261427341589506e-01
-3.011583836583723528e+00 4.941628270138346268e-01 5.554524150417062822e-01
-3.001181129030757511e+00 4.994089699125747739e-01 5.617903708911424765e-01
-2.990778421477791049e+00 5.045827016475109561e-01 5.680423881361804650e-01
-2.980375713924825032e+00 5.096862273208790928e-01 5.742107184668336917e-01
-2.969973006371858570e+00 5.147216352410385332e-01 5.802974968060572447e-01
-2.959570298818892553e+00 5.196909054387561788e-01 5.863047498232663024e-01
-2.949167591265926092e+00 5.245959173995047298e-01 5.922344036642007703e-01
-2.938764883712960074e+00 5.294384570983008409e-01 5.980882909836182648e-01
-2.928362176159993613e+00 5.342202234125538185e-01 6.038681573562585392e-01
-2.917959468607027596e+00 5.389428339789075206e-01 6.095756671319938480e-01
-2.907556761054061134e+00 5.436078305519536080e-01 6.152124087930707086e-01
-2.897154053501095117e+00 5.482166839156890070e-01 6.207798998642366506e-01
-2.886751345948128655e+00 5.527707983925667090e-01 6.262795914206047421e-01
-2.876348638395162638e+00 5.572715159897592141e-01 6.317128722328675394e-01
-2.865945930842196177e+00 5.617201202177304342e-01 6.370810725849269662e-01
-2.855543223289230159e+00 5.661178396122544809e-01 6.423854677950516789e-01
-2.845140515736263698e+00 5.704658509875932815e-01 6.476272814683146084e-01
-2.834737808183297680e+00 5.747652824455209419e-01 6.528076885049088895e-01
-2.824335100630331219e+00 5.790172161622554325e-01 6.579278178864722548e-01
-2.813932393077365202e+00 5.832226909730316988e-01 6.629887552600919332e-01
-2.803529685524398740e+00 5.873827047720155958e-01 6.679915453377214263e-01
-2.793126977971432723e+00 5.914982167434497118e-01 6.729371941268555979e-01
-2.782724270418466705e+00 5.955701494383353056e-01 6.778266710068030498e-01
-2.772321562865500244e+00 5.995993907095379383e-01 6.826609106634107249e-01
-2.761918855312534227e+00 6.035867955169538224e-01 6.874408148938756513e-01
-2.751516147759567765e+00 6.075331876132603615e-01 6.921672542921915028e-01
-2.741113440206601748e+00 6.114393611197767031e-01 6.968410698247118340e-01
-2.730710732653635286e+00 6.153060820010807230e-01 7.014630743045034977e-01
-2.720308025100669269e+00 6.191340894462264988e-01 7.060340537723286403e-01
-2.709905317547702808e+00 6.229240971637103330e-01 7.105547687913893462e-01
-2.699502609994736790e+00 6.266767945966780218e-01 7.150259556623158597e-01
-2.689099902441770329e+00 6.303928480643149479e-01 7.194483275643867026e-01
-2.678697194888804312e+00 6.340729018348265633e-01 7.238225756283251933e-01
-2.668294487335837850e+00 6.377175791349685152e-01 7.281493699456896840e-01
-2.657891779782871833e+00 6.413274831006542387e-01 7.324293605193026302e-01
-2.647489072229905371e+00 6.449031976728003546e-01 7.366631781589860761e-01
-2.637086364676939354e+00 6.484452884422198249e-01 7.408514353263278007e-01
-2.626683657123972893e+00 6.519543034470687282e-01 7.449947269320018606e-01
-2.616280949571006875e+00 6.554307739260639698e-01 7.490936310888788308e-01
-2.605878242018040414e+00 6.588752150304441058e-01 7.531487098239030287e-01
-2.595475534465074396e+00 6.622881264974002091e-01 7.571605097514066962e-01
-2.585072826912107935e+00 6.656699932875049797e-01 7.611295627104850414e-01
-2.574670119359141918e+00 6.690212861884630158e-01 7.650563863686243860e-01
-2.564267411806175456e+00 6.723424623873398565e-01 7.689414847939062270e-01
-2.553864704253209439e+00 6.756339660132589797e-01 7.727853489975935464e-01
-2.543461996700242977e+00 6.788962286524118372e-01 7.765884574491028758e-01
-2.533059289147276960e+00 6.821296698370902245e-01 7.803512765649529559e-01
-2.522656581594310943e+00 6.853346975103300487e-01 7.840742611733781953e-01
-2.512253874041344481e+00 6.885117084676348753e-01 7.877578549559867138e-01
-2.501851166488378464e+00 6.916610887771517113e-01 7.914024908678831682e-01
-2.491448458935412003e+00 6.947832141795717842e-01 7.950085915375370016e-01
-2.481045751382445985e+00 6.978784504689381496e-01 7.985765696475143338e-01
-2.470643043829479524e+00 7.009471538554697956e-01 8.021068282973253805e-01
-2.460240336276513506e+00 7.039896713114256466e-01 8.055997613491745479e-01
-2.449837628723547045e+00 7.070063409009726962e-01 8.090557537578498826e-01
-2.439434921170581028e+00 7.099974920949534418e-01 8.124751818854275554e-01
-2.429032213617614566e+00 7.129634460713905053e-01 8.158584138017698217e-01
-2.418629506064648549e+00 7.159045160025110377e-01 8.192058095714848109e-01
-2.408226798511682087e+00 7.188210073290252078e-01 8.225177215282112320e-01
-2.397824090958716070e+00 7.217132180223438942e-01 8.257944945367879930e-01
-2.387421383405749609e+00 7.245814388353789548e-01 8.290364662440541377e-01
-2.377018675852783591e+00 7.274259535425283696e-01 8.322439673187662645e-01
-2.366615968299817130e+00 7.302470391694123597e-01 8.354173216813678415e-01
-2.356213260746851113e+00 7.330449662128903920e-01 8.385568467239503665e-01
-2.345810553193884651e+00 7.358199988518592249e-01 8.416628535210418649e-01
-2.335407845640918634e+00 7.385723951492977335e-01 8.447356470316245147e-01
-2.325005138087952172e+00 7.413024072460028258e-01 8.477755262928703406e-01
-2.314602430534986155e+00 7.440102815464276764e-01 8.507827846059518029e-01
-2.304199722982019694e+00 7.466962588970154080e-01 8.537577097143650429e-01
-2.293797015429053676e+00 7.493605747573930387e-01 8.567005839750936325e-01
-2.283394307876087215e+00 7.520034593647760834e-01 8.596116845230327153e-01
-2.272991600323121197e+00 7.546251378919059949e-01 8.624912834288608332e-01
-2.262588892770155180e+00 7.572258305988337490e-01 8.653396478508758038e-01
-2.252186185217188719e+00 7.598057529788369013e-01 8.681570401808517135e-01
-2.241783477664222701e+00 7.623651158987462262e-01 8.709437181843608933e-01
-2.231380770111256240e+00 7.649041257339432853e-01 8.736999351357824795e-01
-2.220978062558290222e+00 7.674229844982721760e-01 8.764259399481828527e-01
-2.210575355005323761e+00 7.699218899690998263e-01 8.791219772983790426e-01
-2.200172647452357744e+00 7.724010358077425531e-01 8.817882877473428582e-01
-2.189769939899391282e+00 7.748606116754708228e-01 8.844251078562159751e-01
-2.179367232346425265e+00 7.773008033452838417e-01 8.870326702980536604e-01
-2.168964524793458803e+00 7.797217928096472628e-01 8.896112039655775794e-01
-2.158561817240492786e+00 7.821237583843653196e-01 8.921609340750178418e-01
-2.148159109687526325e+00 7.845068748087602462e-01 8.946820822663088535e-01
-2.137756402134560307e+00 7.868713133423141937e-01 8.971748666996967048e-01
-2.127353694581593846e+00 7.892172418579290749e-01 8.996395021490235511e-01
-2.116950987028627829e+00 7.915448249319448903e-01 9.020762000917157408e-01
-2.106548279475661367e+00 7.938542239310550919e-01 9.044851687957010666e-01
-2.096145571922695350e+00 7.961455970962471040e-01 9.068666134033398496e-01
-2.085742864369728888e+00 7.984190996238942351e-01 9.092207360125369453e-01
-2.075340156816762871e+00 8.006748837441124422e-01 9.115477357550336723e-01
-2.064937449263796410e+00 8.029130987964973043e-01 9.138478088722261639e-01
-2.054534741710830392e+00 8.051338913033456723e-01 9.161211487882979787e-01
-2.044132034157863931e+00 8.073374050404635849e-01 9.183679461810685396e-01
-2.033729326604897913e+00 8.095237811056565924e-01 9.205883890504725775e-01
-2.023326619051931452e+00 8.116931579849966383e-01 9.227826627848338958e-01
-2.012923911498965435e+00 8.138456716169486516e-01 9.249509502249421145e-01
-2.002521203945998973e+00 8.159814554544456700e-01 9.270934317262008451e-01
-1.992118496393032956e+00 8.181006405249886537e-01 9.292102852186477913e-01
-1.981715788840066939e+00 8.202033554888482625e-01 9.313016862651927186e-01
-1.971313081287100477e+00 8.222897266954410922e-01 9.333678081179783703e-01
-1.960910373734134460e+00 8.243598782379502055e-01 9.354088217730147647e-01
-1.950507666181167998e+00 8.264139320062562355e-01 9.374248960231011951e-01
-1.940104958628201981e+00 8.284520077382405701e-01 9.394161975090885575e-01
-1.929702251075235520e+00 8.304742230695247862e-01 9.413828907696824011e-01
-1.919299543522269502e+00 8.324806935816994047e-01 9.433251382896017390e-01
-1.908896835969303041e+00 8.344715328491032480e-01 9.452431005464287939e-01
-1.898494128416337023e+00 8.364468524841996988e-01 9.471369360558888895e-01
-1.888091420863370562e+00 8.384067621816064797e-01 9.490068014159864784e-01
-1.877688713310404545e+00 8.403513697608240296e-01 9.508528513496385948e-01
-1.867286005757438083e+00 8.422807812077095502e-01 9.526752387462090743e-01
-1.856883298204472066e+00 8.441951007147421304e-01 9.544741147017099525e-01
-1.846480590651505604e+00 8.460944307201210268e-01 9.562496285579712429e-01
-1.836077883098539587e+00 8.479788719457375112e-01 9.580019279405633803e-01
-1.825675175545573126e+00 8.498485234340608097e-01 9.597311587956908197e-01
-1.815272467992607108e+00 8.517034825839736589e-01 9.614374654260227082e-01
-1.804869760439640647e+00 8.535438451855961173e-01 9.631209905255170289e-01
-1.794467052886674630e+00 8.553697054541296030e-01 9.647818752132668596e-01
-1.784064345333708168e+00 8.571811560627566884e-01 9.664202590664117132e-01
-1.773661637780742151e+00 8.589782881746262921e-01 9.680362801520773219e-01
-1.763258930227775689e+00 8.607611914739573544e-01 9.696300750585437056e-01
-1.752856222674809672e+00 8.625299541962875294e-01 9.712017789254093758e-01
-1.742453515121843211e+00 8.642846631578978700e-01 9.727515254731163852e-01
-1.732050807568877193e+00 8.660254037844385966e-01 9.742794470314619648e-01
-1.721648100015911176e+00 8.677522601387834822e-01 9.757856745675448362e-01
-1.711245392462944714e+00 8.694653149481362808e-01 9.772703377128330038e-01
-1.700842684909978697e+00 8.711646496304155107e-01 9.787335647895183399e-01
-1.690439977357012236e+00 8.728503443199385758e-01 9.801754828362743144e-01
-1.680037269804046218e+00 8.745224778924288733e-01 9.815962176331822775e-01
-1.669634562251079757e+00 8.761811279893675364e-01 9.829958937261389362e-01
-1.659231854698113739e+00 8.778263710417082422e-01 9.843746344505207579e-01
-1.648829147145147278e+00 8.794582822929790655e-01 9.857325619543495510e-01
-1.638426439592181261e+00 8.810769358217858116e-01 9.870697972207336246e-01
-1.628023732039214799e+00 8.826824045637398086e-01 9.883864600898297770e-01
-1.617621024486248782e+00 8.842747603328230399e-01 9.896826692801683478e-01
-1.607218316933282320e+00 8.858540738422133742e-01 9.909585424095501693e-01
-1.596815609380316303e+00 8.874204147245809970e-01 9.922141960152707219e-01
-1.586412901827349842e+00 8.889738515518762485e-01 9.934497455739468297e-01
-1.576010194274383824e+00 8.905144518546203036e-01 9.946653055207581584e-01
-1.565607486721417363e+00 8.920422821407181235e-01 9.958609892683630838e-01
-1.555204779168451346e+00 8.935574079138027814e-01 9.970369092251027965e-01
-1.544802071615484884e+00 8.950598936911292602e-01 9.981931768130054561e-01
-1.534399364062518867e+00 8.965498030210283797e-01 9.993299024852032586e-01
-1.523996656509552405e+00 8.980271984999352863e-01 1.000447195742940831e+00
-1.513593948956586388e+00 8.994921417890026083e-01 1.001545165152202266e+00
-1.503191241403619927e+00 9.009446936303140419e-01 1.002623918359944355e+00
-1.492788533850653909e+00 9.023849138627048072e-01 1.003683562109858318e+00
-1.482385826297687448e+00 9.038128614372060721e-01 1.004724202257924137e+00
-1.471983118744721430e+00 9.052285944321174505e-01 1.005745943787318630e+00
-1.461580411191755413e+00 9.066321700677246742e-01 1.006748890823304876e+00
-1.451177703638788952e+00 9.080236447206671002e-01 1.007733146647486144e+00
-1.440774996085822934e+00 9.094030739379677097e-01 1.008698813711858211e+00
-1.430372288532856473e+00 9.107705124507343708e-01 1.009645993652543483e+00
-1.419969580979890456e+00 9.121260141875405791e-01 1.010574787303132105e+00
-1.409566873426923994e+00 9.134696322874963359e-01 1.011485294707783922e+00
-1.399164165873957977e+00 9.148014191130149353e-01 1.012377615133961850e+00
-1.388761458320991515e+00 9.161214262622865423e-01 1.013251847084935431e+00
-1.378358750768025498e+00 9.174297045814648888e-01 1.014108088311956424e+00
-1.367956043215059037e+00 9.187263041765757476e-01 1.014946435826147519e+00
-1.357553335662093019e+00 9.200112744251527364e-01 1.015766985910169229e+00
-1.347150628109126558e+00 9.212846639876111077e-01 1.016569834129591676e+00
-1.336747920556160540e+00 9.225465208183624144e-01 1.017355075343959747e+00
-1.326345213003194079e+00 9.237968921766800401e-01 1.018122803717729230e+00
-1.315942505450228062e+00 9.250358246373208138e-01 1.018873112730840136e+00
-1.305539797897261600e+00 9.262633641009081487e-01 1.019606095189109496e+00
-1.295137090344295583e+00 9.274795558040849208e-01 1.020321843234395010e+00
-1.284734382791329121e+00 9.286844443294406393e-01 1.021020448354506893e+00
-1.274331675238363104e+00 9.298780736152181259e-01 1.021702001392920556e+00
-1.263928967685396643e+00 9.310604869648072546e-01 1.022366592558294984e+00
-1.253526260132430625e+00 9.322317270560291913e-01 1.023014311433694257e+00
-1.243123552579464164e+00 9.333918359502174633e-01 1.023645246985743551e+00
-1.232720845026498147e+00 9.345408551011006315e-01 1.024259487573436544e+00
-1.222318137473531685e+00 9.356788253634913399e-01 1.024857120956909728e+00
-1.211915429920565668e+00 9.368057870017870714e-01 1.025438234305847018e+00
-1.201512722367599650e+00 9.379217796982859401e-01 1.026002914207869043e+00
-1.191110014814633189e+00 9.390268425613244041e-01 1.026551246676657980e+00
-1.180707307261666728e+00 9.401210141332384529e-01 1.027083317159875442e+00
-1.170304599708701154e+00 9.412043323981539311e-01 1.027599210546995989e+00
-1.159901892155734693e+00 9.422768347896115504e-01 1.028099011176948352e+00
-1.149499184602768231e+00 9.433385581980262558e-01 1.028582802845494193e+00
-1.139096477049801770e+00 9.443895389779902727e-01 1.029050668812609315e+00
-1.128693769496836197e+00 9.454298129554190577e-01 1.029502691809576209e+00
-1.118291061943869735e+00 9.464594154345469246e-01 1.029938954046078159e+00
-1.107888354390903274e+00 9.474783812047734566e-01 1.030359537216886334e+00
-1.097485646837936812e+00 9.484867445473655900e-01 1.030764522508696990e+00
-1.087082939284971239e+00 9.494845392420189212e-01 1.031153990606616278e+00
-1.076680231732004778e+00 9.504717985732803465e-01 1.031528021700642395e+00
-1.066277524179038316e+00 9.514485553368356996e-01 1.031886695491887274e+00
-1.055874816626071855e+00 9.524148418456660492e-01 1.032230091198789834e+00
-1.045472109073106282e+00 9.533706899360741005e-01 1.032558287563078103e+00
-1.035069401520139820e+00 9.543161309735862519e-01 1.032871362855797726e+00
-1.024666693967173359e+00 9.552511958587290852e-01 1.033169394882896164e+00
-1.014263986414206897e+00 9.561759150326872847e-01 1.033452460991069355e+00
-1.003861278861241324e+00 9.570903184828427612e-01 1.033720638073155174e+00
-9.934585713082748626e-01 9.579944357481989803e-01 1.033974002573674333e+00
-9.830558637553084012e-01 9.588882959246914917e-01 1.034212630494046881e+00
-9.726531562023419397e-01 9.597719276703894353e-01 1.034436597397851543e+00
-9.622504486493763665e-01 9.606453592105879125e-01 1.034645978415877465e+00
-9.518477410964099050e-01 9.615086183427955513e-01 1.034840848251189493e+00
-9.414450335434434436e-01 9.623617324416178231e-01 1.035021281183893693e+00
-9.310423259904778703e-01 9.632047284635391060e-01 1.035187351075983697e+00
-9.206396184375114089e-01 9.640376329516063825e-01 1.035339131376070920e+00
-9.102369108845449475e-01 9.648604720400147938e-01 1.035476695123886071e+00
-8.998342033315784860e-01 9.656732714585984922e-01 1.035600114954815076e+00
-8.894314957786129128e-01 9.664760565372282342e-01 1.035709463104247385e+00
-8.790287882256464513e-01 9.672688522101181574e-01 1.035804811411997983e+00
-8.686260806726799899e-01 9.680516830200415201e-01 1.035886231326378581e+00
-8.582233731197135285e-01 9.688245731224608415e-01 1.035953793908434895e+00
-8.478206655667479552e-01 9.695875462895703345e-01 1.036007569835900588e+00
-8.374179580137814938e-01 9.703406259142554058e-01 1.036047629407286674e+00
-8.270152504608150323e-01 9.710838350139684438e-01 1.036074042545599649e+00
-8.166125429078485709e-01 9.718171962345241166e-01 1.036086878802237266e+00
-8.062098353548829976e-01 9.725407318538151769e-01 1.036086207360677358e+00
-7.958071278019165362e-01 9.732544637854507741e-01 1.036072097040157125e+00
-7.854044202489500748e-01 9.739584135823172728e-01 1.036044616299148347e+00
-7.750017126959836133e-01 9.746526024400647970e-01 1.036003833238892780e+00
-7.645990051430180401e-01 9.753370512005198334e-01 1.035949815606828084e+00
-7.541962975900515787e-01 9.760117803550263371e-01 1.035882630799934034e+00
-7.437935900370851172e-01 9.766768100477142278e-01 1.035802345867929741e+00
-7.333908824841186558e-01 9.773321600786997188e-01 1.035709027516559244e+00
-7.229881749311530825e-01 9.779778499072171449e-01 1.035602742110685037e+00
-7.125854673781866211e-01 9.786138986546827345e-01 1.035483555677352063e+00
-7.021827598252201597e-01 9.792403251076927662e-01 1.035351533908780652e+00
-6.917800522722536982e-01 9.798571477209572222e-01 1.035206742165337035e+00
-6.813773447192881250e-01 9.804643846201694934e-01 1.035049245478315338e+00
-6.709746371663216635e-01 9.810620536048132445e-01 1.034879108552879234e+00
-6.605719296133552021e-01 9.816501721509079958e-01 1.034696395770686728e+00
-6.501692220603896288e-01 9.822287574136938648e-01 1.034501171192589331e+00
-6.397665145074231674e-01 9.827978262302570212e-01 1.034293498561362323e+00
-6.293638069544567060e-01 9.833573951220970777e-01 1.034073441304156793e+00
-6.189610994014902445e-01 9.839074802976353062e-01 1.033841062535040267e+00
-6.085583918485246713e-01 9.844480976546680084e-01 1.033596425057460744e+00
-5.981556842955582098e-01 9.849792627827633762e-01 1.033339591366681853e+00
-5.877529767425917484e-01 9.855009909656028411e-01 1.033070623652020181e+00
-5.773502691896252870e-01 9.860132971832693549e-01 1.032789583799240019e+00
-5.669475616366597137e-01 9.865161961144820468e-01 1.032496533392721627e+00
-5.565448540836932523e-01 9.870097021387783665e-01 1.032191533717697229e+00
-5.461421465307267908e-01 9.874938293386449351e-01 1.031874645762319798e+00
-5.357394389777603294e-01 9.879685915015971043e-01 1.031545930219779361e+00
-5.253367314247947562e-01 9.884340021222085548e-01 1.031205447490305183e+00
-5.149340238718282947e-01 9.888900744040920454e-01 1.030853257683246316e+00
-5.045313163188618333e-01 9.893368212618304236e-01 1.030489420618841301e+00
-4.941286087658953718e-01 9.897742553228606743e-01 1.030113995830232998e+00
-4.837259012129297986e-01 9.902023889293095626e-01 1.029727042565197648e+00
-4.733231936599633372e-01 9.906212341397834242e-01 1.029328619788078880e+00
-4.629204861069968757e-01 9.910308027311117707e-01 1.028918786181383771e+00
-4.525177785540304143e-01 9.914311062000444874e-01 1.028497600147553426e+00
-4.421150710010648410e-01 9.918221557649050668e-01 1.028065119810600114e+00
-4.317123634480983796e-01 9.922039623671996544e-01 1.027621403017767721e+00
-4.213096558951319182e-01 9.925765366731812422e-01 1.027166507340977031e+00
-4.109069483421654567e-01 9.929398890753713403e-01 1.026700490078470418e+00
-4.005042407891998835e-01 9.932940296940389047e-01 1.026223408256186520e+00
-3.901015332362334220e-01 9.936389683786368554e-01 1.025735318629338089e+00
-3.796988256832669606e-01 9.939747147091967383e-01 1.025236277683644781e+00
-3.692961181303013873e-01 9.943012779976821980e-01 1.024726341636760019e+00
-3.588934105773349259e-01 9.946186672893020386e-01 1.024205566439637005e+00
-3.484907030243684645e-01 9.949268913637817624e-01 1.023674007777686690e+00
-3.380879954714020030e-01 9.952259587365963611e-01 1.023131721072122469e+00
-3.276852879184364298e-01 9.955158776601628068e-01 1.022578761481044873e+00
-3.172825803654699683e-01 9.957966561249937953e-01 1.022015183900717883e+00
-3.068798728125035069e-01 9.960683018608120776e-01 1.021441042966565460e+00
-2.964771652595370455e-01 9.963308223376271533e-01 1.020856393054328626e+00
-2.860744577065714722e-01 9.965842247667734410e-01 1.020261288281031575e+00
-2.756717501536050108e-01 9.968285161019106999e-01 1.019655782506104114e+00
-2.652690426006385493e-01 9.970637030399871481e-01 1.019039929332187677e+00
-2.548663350476720879e-01 9.972897920221653889e-01 1.018413782106172949e+00
-2.444636274947065147e-01 9.975067892347119214e-01 1.017777393920038076e+00
-2.340609199417400532e-01 9.977147006098497917e-01 1.017130817611763938e+00
-2.236582123887735918e-01 9.979135318265747179e-01 1.016474105766053793e+00
-2.132555048358071303e-01 9.981032883114362431e-01 1.015807310715189704e+00
-2.028527972828415571e-01 9.982839752392822508e-01 1.015130484539738198e+00
-1.924500897298750957e-01 9.984555975339682865e-01 1.014443679069297222e+00
-1.820473821769086342e-01 9.986181598690317962e-01 1.013746945883135853e+00
-1.716446746239421728e-01 9.987716666683315037e-01 1.013040336310845113e+00
-1.612419670709765995e-01 9.989161221066512608e-01 1.012323901432917506e+00
-1.508392595180101381e-01 9.990515301102699253e-01 1.011597692081396271e+00
-1.404365519650436767e-01 9.991778943574967098e-01 1.010861758840311264e+00
-1.300338444120781034e-01 9.992952182791720039e-01 1.010116152046210081e+00
-1.196311368591116420e-01 9.994035050591343339e-01 1.009360921788722276e+00
-1.092284293061451805e-01 9.995027576346531273e-01 1.008596117910796952e+00
-9.882572175317871910e-02 9.995929786968278385e-01 1.007821790009298502e+00
-8.842301420021314584e-02 9.996741706909535452e-01 1.007037987435245086e+00
-7.802030664724668441e-02 9.997463358168523495e-01 1.006244759294216529e+00
-6.761759909428022297e-02 9.998094760291718064e-01 1.005442154446567704e+00
-5.721489154131376154e-02 9.998635930376501557e-01 1.004630221507788468e+00
-4.681218398834818828e-02 9.999086883073473597e-01 1.003809008848668638e+00
-3.640947643538172684e-02 9.999447630588443880e-01 1.002978564595542688e+00
-2.600676888241526541e-02 9.999718182684074197e-01 1.002138936630397437e+00
-1.560406132944880397e-02 9.999898546681206257e-01 1.001290172591045913e+00
-5.201353776483230718e-03 9.999988727459850901e-01 1.000432319871234377e+00
5.201353776483230718e-03 9.999988727459850901e-01 9.995654256207288091e-01
1.560406132944969215e-02 9.999898546681206257e-01 9.986895367452025551e-01
2.600676888241615359e-02 9.999718182684074197e-01 9.978046999064245082e-01
3.640947643538172684e-02 9.999447630588443880e-01 9.969109615221389831e-01
4.681218398834818828e-02 9.999086883073473597e-01 9.960083677660259704e-01
5.721489154131464971e-02 9.998635930376501557e-01 9.950969645675119546e-01
6.761759909428111115e-02 9.998094760291718064e-01 9.941767976117830141e-01
7.802030664724668441e-02 9.997463358168523495e-01 9.932479123394882814e-01
8.842301420021314584e-02 9.996741706909535452e-01 9.923103539466548995e-01
9.882572175317960728e-02 9.995929786968278385e-01 9.913641673843572866e-01
1.092284293061460687e-01 9.995027576346530163e-01 9.904093973585162969e-01
1.196311368591116420e-01 9.994035050591343339e-01 9.894460883295534970e-01
1.300338444120781034e-01 9.992952182791720039e-01 9.884742845121269328e-01
1.404365519650445648e-01 9.991778943574967098e-01 9.874940298746963663e-01
1.508392595180101381e-01 9.990515301102699253e-01 9.865053681391363627e-01
1.612419670709765995e-01 9.989161221066512608e-01 9.855083427803780216e-01
1.716446746239430610e-01 9.987716666683315037e-01 9.845029970258180052e-01
1.820473821769095224e-01 9.986181598690317962e-01 9.834893738549348452e-01
1.924500897298750957e-01 9.984555975339682865e-01 9.824675159986253625e-01
2.028527972828415571e-01 9.982839752392822508e-01 9.814374659388191979e-01
2.132555048358080185e-01 9.981032883114362431e-01 9.803992659076827820e-01
2.236582123887744800e-01 9.979135318265747179e-01 9.793529578871026375e-01
2.340609199417400532e-01 9.977147006098497917e-01 9.782985836079214348e-01
2.444636274947065147e-01 9.975067892347119214e-01 9.772361845493787724e-01
2.548663350476729761e-01 9.972897920221653889e-01 9.761658019381649343e-01
2.652690426006394375e-01 9.970637030399871481e-01 9.750874767477937244e-01
2.756717501536050108e-01 9.968285161019106999e-01 9.740012496977101808e-01
2.860744577065714722e-01 9.965842247667734410e-01 9.729071612525082013e-01
2.964771652595379337e-01 9.963308223376271533e-01 9.718052516209327862e-01
3.068798728125043951e-01 9.960683018608120776e-01 9.706955607550658005e-01
3.172825803654699683e-01 9.957966561249937953e-01 9.695781283492556080e-01
3.276852879184364298e-01 9.955158776601628068e-01 9.684529938392807402e-01
3.380879954714028912e-01 9.952259587365963611e-01 9.673201964010773590e-01
3.484907030243693526e-01 9.949268913637817624e-01 9.661797749498838295e-01
3.588934105773349259e-01 9.946186672893020386e-01 9.650317681389670721e-01
3.692961181303013873e-01 9.943012779976821980e-01 9.638762143585974940e-01
3.796988256832678488e-01 9.939747147091967383e-01 9.627131517347486955e-01
3.901015332362343102e-01 9.936389683786367444e-01 9.615426181279354001e-01
4.005042407891998835e-01 9.932940296940389047e-01 9.603646511318773005e-01
4.109069483421663449e-01 9.929398890753713403e-01 9.591792880722792569e-01
4.213096558951328063e-01 9.925765366731812422e-01 9.579865660053854537e-01
4.317123634480983796e-01 9.922039623671996544e-01 9.567865217166245939e-01
4.421150710010648410e-01 9.918221557649050668e-01 9.555791917192031359e-01
4.525177785540313025e-01 9.914311062000443764e-01 9.543646122525424325e-01
4.629204861069977639e-01 9.910308027311117707e-01 9.531428192808465427e-01
4.733231936599633372e-01 9.906212341397834242e-01 9.519138484914810849e-01
4.837259012129297986e-01 9.902023889293095626e-01 9.506777352934214775e-01
4.941286087658962600e-01 9.897742553228605633e-01 9.494345148155021175e-01
5.045313163188627215e-01 9.893368212618304236e-01 9.481842219048265408e-01
5.149340238718282947e-01 9.888900744040920454e-01 9.469268911249310028e-01
5.253367314247947562e-01 9.884340021222085548e-01 9.456625567541051547e-01
5.357394389777612176e-01 9.879685915015969933e-01 9.443912527834283921e-01
5.461421465307276790e-01 9.874938293386449351e-01 9.431130129149837282e-01
5.565448540836932523e-01 9.870097021387783665e-01 9.418278705598527312e-01
5.669475616366597137e-01 9.865161961144820468e-01 9.405358588362423555e-01
5.773502691896261751e-01 9.860132971832693549e-01 9.392370105673055747e-01
5.877529767425926366e-01 9.855009909656028411e-01 9.379313582791922732e-01
5.981556842955582098e-01 9.849792627827633762e-01 9.366189341988448991e-01
6.085583918485246713e-01 9.844480976546680084e-01 9.352997702518683898e-01
6.189610994014911327e-01 9.839074802976351952e-01 9.339738980602371177e-01
6.293638069544575941e-01 9.833573951220969667e-01 9.326413489400441348e-01
6.397665145074231674e-01 9.827978262302570212e-01 9.313021538991450576e-01
6.501692220603896288e-01 9.822287574136938648e-01 9.299563436347985101e-01
6.605719296133560903e-01 9.816501721509079958e-01 9.286039485311426978e-01
6.709746371663216635e-01 9.810620536048132445e-01 9.272449986567405933e-01
6.813773447192881250e-01 9.804643846201694934e-01 9.258795237620170981e-01
6.917800522722545864e-01 9.798571477209572222e-01 9.245075532765841819e-01
7.021827598252210478e-01 9.792403251076926551e-01 9.231291163066047689e-01
7.125854673781866211e-01 9.786138986546827345e-01 9.217442416320066334e-01
7.229881749311530825e-01 9.779778499072171449e-01 9.203529577037427023e-01
7.333908824841195440e-01 9.773321600786996077e-01 9.189552926408467437e-01
7.437935900370860054e-01 9.766768100477141168e-01 9.175512742275118150e-01
7.541962975900515787e-01 9.760117803550263371e-01 9.161409299101119785e-01
7.645990051430180401e-01 9.753370512005198334e-01 9.147242867942115829e-01
7.750017126959845015e-01 9.746526024400647970e-01 9.133013716412433647e-01
7.854044202489509630e-01 9.739584135823172728e-01 9.118722108654927494e-01
7.958071278019165362e-01 9.732544637854507741e-01 9.104368305307247722e-01
8.062098353548829976e-01 9.725407318538151769e-01 9.089952563469464453e-01
8.166125429078494591e-01 9.718171962345240056e-01 9.075475136668108567e-01
8.270152504608159205e-01 9.710838350139683328e-01 9.060936274823437886e-01
8.374179580137814938e-01 9.703406259142554058e-01 9.046336224212176980e-01
8.478206655667479552e-01 9.695875462895703345e-01 9.031675227432335307e-01
8.582233731197144166e-01 9.688245731224607304e-01 9.016953523364932277e-01
8.686260806726808781e-01 9.680516830200414091e-01 9.002171347137106761e-01
8.790287882256464513e-01 9.672688522101181574e-01 8.987328930082318923e-01
8.894314957786129128e-01 9.664760565372282342e-01 8.972426499702026437e-01
8.998342033315793742e-01 9.656732714585983812e-01 8.957464279623882364e-01
9.102369108845458356e-01 9.648604720400146828e-01 8.942442489561498453e-01
9.206396184375114089e-01 9.640376329516063825e-01 8.927361345271354054e-01
9.310423259904778703e-01 9.632047284635391060e-01 8.912221058510945149e-01
9.414450335434443318e-01 9.623617324416178231e-01 8.897021836993546096e-01
9.518477410964099050e-01 9.615086183427955513e-01 8.881763884344016091e-01
9.622504486493763665e-01 9.606453592105879125e-01 8.866447400052921424e-01
9.726531562023428279e-01 9.597719276703893243e-01 8.851072579429335452e-01
9.830558637553092893e-01 9.588882959246913806e-01 8.835639613553422089e-01
9.934585713082748626e-01 9.579944357481989803e-01 8.820148689227237382e-01
1.003861278861241324e+00 9.570903184828427612e-01 8.804599988925242426e-01
1.014263986414207785e+00 9.561759150326871737e-01 8.788993690743112097e-01
1.024666693967174247e+00 9.552511958587289742e-01 8.773329968345681129e-01
1.035069401520139820e+00 9.543161309735862519e-01 8.757608990913747782e-01
1.045472109073106282e+00 9.533706899360741005e-01 8.741830923090516681e-01
1.055874816626072743e+00 9.524148418456658272e-01 8.725995924925482594e-01
1.066277524179039204e+00 9.514485553368355886e-01 8.710104151817962270e-01
1.076680231732004778e+00 9.504717985732803465e-01 8.694155754459182983e-01
1.087082939284971239e+00 9.494845392420189212e-01 8.678150878774155697e-01
1.097485646837937701e+00 9.484867445473654790e-01 8.662089665860401855e-01
1.107888354390904162e+00 9.474783812047734566e-01 8.645972251926666852e-01
1.118291061943869735e+00 9.464594154345469246e-01 8.629798768230095840e-01
1.128693769496836197e+00 9.454298129554190577e-01 8.613569341012498048e-01
1.139096477049802658e+00 9.443895389779900507e-01 8.597284091433770037e-01
1.149499184602769120e+00 9.433385581980261447e-01 8.580943135505701980e-01
1.159901892155734693e+00 9.422768347896115504e-01 8.564546584022688647e-01
1.170304599708701154e+00 9.412043323981539311e-01 8.548094542493059889e-01
1.180707307261667616e+00 9.401210141332383419e-01 8.531587111066073481e-01
1.191110014814634077e+00 9.390268425613244041e-01 8.515024384459967122e-01
1.201512722367599650e+00 9.379217796982859401e-01 8.498406451886910684e-01
1.211915429920566112e+00 9.368057870017869604e-01 8.481733396977327866e-01
1.222318137473532573e+00 9.356788253634913399e-01 8.465005297700844977e-01
1.232720845026498147e+00 9.345408551011006315e-01 8.448222226287530612e-01
1.243123552579464608e+00 9.333918359502174633e-01 8.431384249146971488e-01
1.253526260132431069e+00 9.322317270560290803e-01 8.414491426783583528e-01
1.263928967685397531e+00 9.310604869648071436e-01 8.397543813713308491e-01
1.274331675238363104e+00 9.298780736152181259e-01 8.380541458374985986e-01
1.284734382791329566e+00 9.286844443294405282e-01 8.363484403043687232e-01
1.295137090344296027e+00 9.274795558040848098e-01 8.346372683737803833e-01
1.305539797897262488e+00 9.262633641009080376e-01 8.329206330127181257e-01
1.315942505450228062e+00 9.250358246373208138e-01 8.311985365437959405e-01
1.326345213003194523e+00 9.237968921766800401e-01 8.294709806356254100e-01
1.336747920556160985e+00 9.225465208183623034e-01 8.277379662927650816e-01
1.347150628109127446e+00 9.212846639876109966e-01 8.259994938456358682e-01
1.357553335662093019e+00 9.200112744251527364e-01 8.242555629401252526e-01
1.367956043215059481e+00 9.187263041765757476e-01 8.225061725270040869e-01
1.378358750768025942e+00 9.174297045814648888e-01 8.207513208509734648e-01
1.388761458320992404e+00 9.161214262622864313e-01 8.189910054396375427e-01
1.399164165873957977e+00 9.148014191130149353e-01 8.172252230920625804e-01
1.409566873426924438e+00 9.134696322874963359e-01 8.154539698672087500e-01
1.419969580979890900e+00 9.121260141875405791e-01 8.136772410719490534e-01
1.430372288532857361e+00 9.107705124507342598e-01 8.118950312489251475e-01
1.440774996085822934e+00 9.094030739379677097e-01 8.101073341640718795e-01
1.451177703638789396e+00 9.080236447206671002e-01 8.083141427938428381e-01
1.461580411191755857e+00 9.066321700677245632e-01 8.065154493121444723e-01
1.471983118744721430e+00 9.052285944321174505e-01 8.047112450769162706e-01
1.482385826297687892e+00 9.038128614372059610e-01 8.029015206164931140e-01
1.492788533850654353e+00 9.023849138627048072e-01 8.010862656155460781e-01
1.503191241403620815e+00 9.009446936303139308e-01 7.992654689006887248e-01
1.513593948956586388e+00 8.994921417890026083e-01 7.974391184257927367e-01
1.523996656509552849e+00 8.980271984999351753e-01 7.956072012569297414e-01
1.534399364062519311e+00 8.965498030210283797e-01 7.937697035568535009e-01
1.544802071615485772e+00 8.950598936911291492e-01 7.919266105692529534e-01
1.555204779168451346e+00 8.935574079138027814e-01 7.900779066024976593e-01
1.565607486721417807e+00 8.920422821407181235e-01 7.882235750130781593e-01
1.576010194274384268e+00 8.905144518546203036e-01 7.863635981884774528e-01
1.586412901827350730e+00 8.889738515518760265e-01 7.844979575298104413e-01
1.596815609380316303e+00 8.874204147245809970e-01 7.826266334338912722e-01
1.607218316933282765e+00 8.858540738422132632e-01 7.807496052748764681e-01
1.617621024486249226e+00 8.842747603328229289e-01 7.788668513854727360e-01
1.628023732039215687e+00 8.826824045637395866e-01 7.769783490376594992e-01
1.638426439592181261e+00 8.810769358217858116e-01 7.750840744228331136e-01
1.648829147145147722e+00 8.794582822929789545e-01 7.731840026316085801e-01
1.659231854698114184e+00 8.778263710417082422e-01 7.712781076328957264e-01
1.669634562251080645e+00 8.761811279893674254e-01 7.693663622525960255e-01
1.680037269804046218e+00 8.745224778924288733e-01 7.674487381516660323e-01
1.690439977357012680e+00 8.728503443199384648e-01 7.655252058036028373e-01
1.700842684909979141e+00 8.711646496304153997e-01 7.635957344713079076e-01
1.711245392462945603e+00 8.694653149481361698e-01 7.616602921834534357e-01
1.721648100015911176e+00 8.677522601387834822e-01 7.597188457100174652e-01
1.732050807568877637e+00 8.660254037844385966e-01 7.577713605374152284e-01
1.742453515121844099e+00 8.642846631578977590e-01 7.558178008426839067e-01
1.752856222674809672e+00 8.625299541962875294e-01 7.538581294671565791e-01
1.763258930227776133e+00 8.607611914739572434e-01 7.518923078893710032e-01
1.773661637780742595e+00 8.589782881746261811e-01 7.499202961971751513e-01
1.784064345333709056e+00 8.571811560627564663e-01 7.479420530591059935e-01
1.794467052886674630e+00 8.553697054541296030e-01 7.459575356949879055e-01
1.804869760439641091e+00 8.535438451855960063e-01 7.439666998456752056e-01
1.815272467992607552e+00 8.517034825839735479e-01 7.419694997419289395e-01
1.825675175545574014e+00 8.498485234340606986e-01 7.399658880724306886e-01
1.836077883098539587e+00 8.479788719457375112e-01 7.379558159509029824e-01
1.846480590651506049e+00 8.460944307201209158e-01 7.359392328822663698e-01
1.856883298204472510e+00 8.441951007147419084e-01 7.339160867277741973e-01
1.867286005757438971e+00 8.422807812077093281e-01 7.318863236692225716e-01
1.877688713310404545e+00 8.403513697608240296e-01 7.298498881720094644e-01
1.888091420863371006e+00 8.384067621816064797e-01 7.278067229472264810e-01
1.898494128416337468e+00 8.364468524841994768e-01 7.257567689125061783e-01
1.908896835969303929e+00 8.344715328491030260e-01 7.236999651517858068e-01
1.919299543522269502e+00 8.324806935816994047e-01 7.216362488737970704e-01
1.929702251075235964e+00 8.304742230695246752e-01 7.195655553693711681e-01
1.940104958628202425e+00 8.284520077382405701e-01 7.174878179673885858e-01
1.950507666181168887e+00 8.264139320062560135e-01 7.154029679894111649e-01
1.960910373734134460e+00 8.243598782379502055e-01 7.133109347028816494e-01
1.971313081287100921e+00 8.222897266954409812e-01 7.112116452729076999e-01
1.981715788840067383e+00 8.202033554888481515e-01 7.091050247125115780e-01
1.992118496393033844e+00 8.181006405249885427e-01 7.069909958313332909e-01
2.002521203945999417e+00 8.159814554544456700e-01 7.048694791826904948e-01
2.012923911498965879e+00 8.138456716169485405e-01 7.027403930089475281e-01
2.023326619051932340e+00 8.116931579849964162e-01 7.006036531851592697e-01
2.033729326604897913e+00 8.095237811056565924e-01 6.984591731608368326e-01
2.044132034157864375e+00 8.073374050404634739e-01 6.963068638998585191e-01
2.054534741710830836e+00 8.051338913033455613e-01 6.941466338183895912e-01
2.064937449263797298e+00 8.029130987964970823e-01 6.919783887207719975e-01
2.075340156816762871e+00 8.006748837441124422e-01 6.898020317331838847e-01
2.085742864369729332e+00 7.984190996238941240e-01 6.876174632352550775e-01
2.096145571922695794e+00 7.961455970962469930e-01 6.854245807891470310e-01
2.106548279475662255e+00 7.938542239310547588e-01 6.832232790664125588e-01
2.116950987028627829e+00 7.915448249319448903e-01 6.810134497721704872e-01
2.127353694581594290e+00 7.892172418579289639e-01 6.787949815668344877e-01
2.137756402134560751e+00 7.868713133423140826e-01 6.765677599849315715e-01
2.148159109687527213e+00 7.845068748087601351e-01 6.743316673512150805e-01
2.158561817240492786e+00 7.821237583843653196e-01 6.720865826937093557e-01
2.168964524793459248e+00 7.797217928096471518e-01 6.698323816537202768e-01
2.179367232346425709e+00 7.773008033452837306e-01 6.675689363925140229e-01
2.189769939899392170e+00 7.748606116754706008e-01 6.652961154947255595e-01
2.200172647452357744e+00 7.724010358077425531e-01 6.630137838681389173e-01
2.210575355005324205e+00 7.699218899690997153e-01 6.607218026398204991e-01
2.220978062558290667e+00 7.674229844982720650e-01 6.584200290483582796e-01
2.231380770111257128e+00 7.649041257339430633e-01 6.561083163321039802e-01
2.241783477664222701e+00 7.623651158987462262e-01 6.537865136131284505e-01
2.252186185217189163e+00 7.598057529788367903e-01 6.514544657768219782e-01
2.262588892770155624e+00 7.572258305988336380e-01 6.491120133467915831e-01
2.272991600323121197e+00 7.546251378919059949e-01 6.467589923549511566e-01
2.283394307876087659e+00 7.520034593647759724e-01 6.443952342065223382e-01
2.293797015429054120e+00 7.493605747573930387e-01 6.420205655396894473e-01
2.304199722982020582e+00 7.466962588970151860e-01 6.396348080796656621e-01
2.314602430534986155e+00 7.440102815464276764e-01 6.372377784869005524e-01
2.325005138087952616e+00 7.413024072460027147e-01 6.348292881991353109e-01
2.335407845640919078e+00 7.385723951492975115e-01 6.324091432669708412e-01
2.345810553193885539e+00 7.358199988518590029e-01 6.299771441826793605e-01
2.356213260746851113e+00 7.330449662128903920e-01 6.275330857018276420e-01
2.366615968299817574e+00 7.302470391694122487e-01 6.250767566574568779e-01
2.377018675852784035e+00 7.274259535425282586e-01 6.226079397662904746e-01
2.387421383405750497e+00 7.245814388353787328e-01 6.201264114267089900e-01
2.397824090958716070e+00 7.217132180223438942e-01 6.176319415078944663e-01
2.408226798511682532e+00 7.188210073290250968e-01 6.151242931298390726e-01
2.418629506064648993e+00 7.159045160025109267e-01 6.126032224335345999e-01
2.429032213617615454e+00 7.129634460713902833e-01 6.100684783410110779e-01
2.439434921170581028e+00 7.099974920949534418e-01 6.075198023044767748e-01
2.449837628723547489e+00 7.070063409009725852e-01 6.049569280440953989e-01
2.460240336276513951e+00 7.039896713114254245e-01 6.023795812736765232e-01
2.470643043829480412e+00 7.009471538554695735e-01 5.997874794136165422e-01
2.481045751382445985e+00 6.978784504689381496e-01 5.971803312903570804e-01
2.491448458935412447e+00 6.947832141795716732e-01 5.945578368216088982e-01
2.501851166488378908e+00 6.916610887771516003e-01 5.919196866864178119e-01
2.512253874041345370e+00 6.885117084676345423e-01 5.892655619792851462e-01
2.522656581594310943e+00 6.853346975103300487e-01 5.865951338472819021e-01
2.533059289147277404e+00 6.821296698370901135e-01 5.839080631092274931e-01
2.543461996700243866e+00 6.788962286524115042e-01 5.812039998557227971e-01
2.553864704253209439e+00 6.756339660132589797e-01 5.784825830289200832e-01
2.564267411806175900e+00 6.723424623873397454e-01 5.757434399807733749e-01
2.574670119359142362e+00 6.690212861884627937e-01 5.729861860082994252e-01
2.585072826912108823e+00 6.656699932875046466e-01 5.702104238645268053e-01
2.595475534465074396e+00 6.622881264974002091e-01 5.674157432433926118e-01
2.605878242018040858e+00 6.588752150304439947e-01 5.646017202369861820e-01
2.616280949571007319e+00 6.554307739260638588e-01 5.617679167632491088e-01
2.626683657123973781e+00 6.519543034470685061e-01 5.589138799621364839e-01
2.637086364676939354e+00 6.484452884422198249e-01 5.560391415581089625e-01
2.647489072229905815e+00 6.449031976728001325e-01 5.531432171866135228e-01
2.657891779782872277e+00 6.413274831006540166e-01 5.502256056820075125e-01
2.668294487335838738e+00 6.377175791349682932e-01 5.472857883242490118e-01
2.678697194888804312e+00 6.340729018348265633e-01 5.443232280413251578e-01
2.689099902441770773e+00 6.303928480643148369e-01 5.413373685642449695e-01
2.699502609994737234e+00 6.266767945966779108e-01 5.383276335310410721e-01
2.709905317547703696e+00 6.229240971637101110e-01 5.352934255360312088e-01
2.720308025100669269e+00 6.191340894462264988e-01 5.322341251201209156e-01
2.730710732653635731e+00 6.153060820010805010e-01 5.291490896976587255e-01
2.741113440206602192e+00 6.114393611197765921e-01 5.260376524148423494e-01
2.751516147759568653e+00 6.075331876132600284e-01 5.228991209343282209e-01
2.761918855312534227e+00 6.035867955169538224e-01 5.197327761400304391e-01
2.772321562865500688e+00 5.995993907095378272e-01 5.165378707556658178e-01
2.782724270418467150e+00 5.955701494383351946e-01 5.133136278698674504e-01
2.793126977971432723e+00 5.914982167434497118e-01 5.100592393600416052e-01
2.803529685524399184e+00 5.873827047720153738e-01 5.067738642063110976e-01
2.813932393077365646e+00 5.832226909730315878e-01 5.034566266859714645e-01
2.824335100630332107e+00 5.790172161622550995e-01 5.001066144380370559e-01
2.834737808183298569e+00 5.747652824455204978e-01 4.967228763861327168e-01
2.845140515736265030e+00 5.704658509875927264e-01 4.933044205068716215e-01
2.855543223289229715e+00 5.661178396122545919e-01 4.898502114294572829e-01
2.865945930842196177e+00 5.617201202177304342e-01 4.863591678505345128e-01
2.876348638395162638e+00 5.572715159897592141e-01 4.828301597466503337e-01
2.886751345948129099e+00 5.527707983925664870e-01 4.792620053645297862e-01
2.897154053501095561e+00 5.482166839156888960e-01 4.756534679671407528e-01
2.907556761054062022e+00 5.436078305519531639e-01 4.720032523108351197e-01
2.917959468607028484e+00 5.389428339789070765e-01 4.683100008258219704e-01
2.928362176159994945e+00 5.342202234125532634e-01 4.645722894688493199e-01
2.938764883712959630e+00 5.294384570983010629e-01 4.607886232129830284e-01
2.949167591265926092e+00 5.245959173995047298e-01 4.569574311348087448e-01
2.959570298818892553e+00 5.196909054387561788e-01 4.530770610542465548e-01
2.969973006371859015e+00 5.147216352410384221e-01 4.491457736760211539e-01
2.980375713924825476e+00 5.096862273208789818e-01 4.451617361749234947e-01
2.990778421477791937e+00 5.045827016475105120e-01 4.411230151588402260e-01
3.001181129030758399e+00 4.994089699125743298e-01 4.370275689340076819e-01
3.011583836583724860e+00 4.941628270138340717e-01 4.328732389859635266e-01
3.021986544136689545e+00 4.888419416553770880e-01 4.286577405765947257e-01
3.032389251689656007e+00 4.834438459494759810e-01 4.243786523423788704e-01
3.042791959242622468e+00 4.779659238872268623e-01 4.200334047608627053e-01
3.053194666795588930e+00 4.724053985236067454e-01 4.156192673309413999e-01
3.063597374348555391e+00 4.667593176970902258e-01 4.111333342869385454e-01
3.074000081901521853e+00 4.610245380733940523e-01 4.065725086359315288e-01
3.084402789454488314e+00 4.551977072662467538e-01 4.019334842710412525e-01
3.094805497007452999e+00 4.492752437437853019e-01 3.972127258690843488e-01
3.105208204560419460e+00 4.432533141754888550e-01 3.924064462272446319e-01
3.115610912113385922e+00 4.371278078091115349e-01 3.875105806278844600e-01
3.126013619666352383e+00 4.308943073868259921e-01 3.825207577403361148e-01
3.136416327219318845e+00 4.245480560109459178e-01 3.774322664695302643e-01
3.146819034772285306e+00 4.180839192469640864e-01 3.722400180385623258e-01
3.157221742325251768e+00 4.114963415986325757e-01 3.669385024391271788e-01
3.167624449878218229e+00 4.047792962975539921e-01 3.615217381912559924e-01
3.178027157431182914e+00 3.979262271064276102e-01 3.559832141101742509e-01
3.188429864984149376e+00 3.909299805247693493e-01 3.503158214673598447e-01
3.198832572537115837e+00 3.837827263869035277e-01 3.445117745333197146e-01
3.209235280090082298e+00 3.764758643243428793e-01 3.385625169711765636e-01
3.219637987643048760e+00 3.689999128868256539e-01 3.324586108712586641e-01
3.230040695196015221e+00 3.613443772194842585e-01 3.261896043186419125e-01
3.240443402748981683e+00 3.534975899942131017e-01 3.197438721841261433e-01
3.250846110301948144e+00 3.454465186700027557e-01 3.131084232028287229e-01
3.261248817854912829e+00 3.371765299315199194e-01 3.062686641747066063e-01
3.271651525407879291e+00 3.286710990610898220e-01 2.992081090206838989e-01
3.282054232960845752e+00 3.199114476309282695e-01 2.919080160498099263e-01
3.292456940513812214e+00 3.108760866302451853e-01 2.843469305052421237e-01
3.302859648066778675e+00 3.015402329668180337e-01 2.765001002573456157e-01
3.313262355619745136e+00 2.918750535807370650e-01 2.683387187703647481e-01
3.323665063172711598e+00 2.818466704677585200e-01 2.598289284618492401e-01
3.334067770725676283e+00 2.714148270649436312e-01 2.509304846129716826e-01
3.344470478278642744e+00 2.605310633946597565e-01 2.415949267217938901e-01
3.354873185831609206e+00 2.491361587211683160e-01 2.317630151556258900e-01
3.365275893384575667e+00 2.371564465011522238e-01 2.213610362058679171e-01
3.375678600937542129e+00 2.244983264919730992e-01 2.102952970921063702e-01
3.386081308490508590e+00 2.110397617139175286e-01 1.984435915904873005e-01
3.396484016043475052e+00 1.966164474217902414e-01 1.856413072613944670e-01
3.406886723596441513e+00 1.809978942286124548e-01 1.716573748354194295e-01
3.417289431149406198e+00 1.638426439592188255e-01 1.561491546104636086e-01
3.427692138702372660e+00 1.446048069388762847e-01 1.385679941331569298e-01
3.438094846255339121e+00 1.223055695626318051e-01 1.179267567319923077e-01
3.448497553808305582e+00 9.480885216148185468e-02 9.204290167461758043e-02
3.458900261361272044e+00 5.477908812899001667e-02 5.403002762375304358e-02
3.469302968914238505e+00 0.000000000000000000e+00 0.000000000000000000e+00
3.479705676467204967e+00 0.000000000000000000e+00 0.000000000000000000e+00
3.490108384020171428e+00 0.000000000000000000e+00 0.000000000000000000e+00
3.500511091573136113e+00 0.000000000000000000e+00 0.000000000000000000e+00
3.510913799126102575e+00 0.000000000000000000e+00 0.000000000000000000e+00
3.521316506679069036e+00 0.000000000000000000e+00 0.000000000000000000e+00
3.531719214232035498e+00 0.000000000000000000e+00 0.000000000000000000e+00
3.542121921785001959e+00 0.000000000000000000e+00 0.000000000000000000e+00
3.552524629337968420e+00 0.000000000000000000e+00 0.000000000000000000e+00
3.562927336890934882e+00 0.000000000000000000e+00 0.000000000000000000e+00
3.573330044443901343e+00 0.000000000000000000e+00 0.000000000000000000e+00
3.583732751996866028e+00 0.000000000000000000e+00 0.000000000000000000e+00
3.594135459549832490e+00 0.000000000000000000e+00 0.000000000000000000e+00
3.604538167102798951e+00 0.000000000000000000e+00 0.000000000000000000e+00
3.614940874655765413e+00 0.000000000000000000e+00 0.000000000000000000e+00
3.625343582208731874e+00 0.000000000000000000e+00 0.000000000000000000e+00
3.635746289761698335e+00 0.000000000000000000e+00 0.000000000000000000e+00
3.646148997314664797e+00 0.000000000000000000e+00 0.000000000000000000e+00
3.656551704867629482e+00 0.000000000000000000e+00 0.000000000000000000e+00
3.666954412420595943e+00 0.000000000000000000e+00 0.000000000000000000e+00
3.677357119973562405e+00 0.000000000000000000e+00 0.000000000000000000e+00
3.687759827526528866e+00 0.000000000000000000e+00 0.000000000000000000e+00
3.698162535079495328e+00 0.000000000000000000e+00 0.000000000000000000e+00
3.708565242632461789e+00 0.000000000000000000e+00 0.000000000000000000e+00
3.718967950185428251e+00 0.000000000000000000e+00 0.000000000000000000e+00
3.729370657738394712e+00 0.000000000000000000e+00 0.000000000000000000e+00
3.739773365291359397e+00 0.000000000000000000e+00 0.000000000000000000e+00
3.750176072844325859e+00 0.000000000000000000e+00 0.000000000000000000e+00
3.760578780397292320e+00 0.000000000000000000e+00 0.000000000000000000e+00
3.770981487950258781e+00 0.000000000000000000e+00 0.000000000000000000e+00
3.781384195503225243e+00 0.000000000000000000e+00 0.000000000000000000e+00
3.791786903056191704e+00 0.000000000000000000e+00 0.000000000000000000e+00
3.802189610609158166e+00 0.000000000000000000e+00 0.000000000000000000e+00
3.812592318162124627e+00 0.000000000000000000e+00 0.000000000000000000e+00
3.822995025715089312e+00 0.000000000000000000e+00 0.000000000000000000e+00
3.833397733268055774e+00 0.000000000000000000e+00 0.000000000000000000e+00
3.843800440821022235e+00 0.000000000000000000e+00 0.000000000000000000e+00
3.854203148373988697e+00 0.000000000000000000e+00 0.000000000000000000e+00
3.864605855926955158e+00 0.000000000000000000e+00 0.000000000000000000e+00
3.875008563479921619e+00 0.000000000000000000e+00 0.000000000000000000e+00
3.885411271032888081e+00 0.000000000000000000e+00 0.000000000000000000e+00
3.895813978585852766e+00 0.000000000000000000e+00 0.000000000000000000e+00
3.906216686138819227e+00 0.000000000000000000e+00 0.000000000000000000e+00
3.916619393691785689e+00 0.000000000000000000e+00 0.000000000000000000e+00
3.927022101244752150e+00 0.000000000000000000e+00 0.000000000000000000e+00
3.937424808797718612e+00 0.000000000000000000e+00 0.000000000000000000e+00
3.947827516350685073e+00 0.000000000000000000e+00 0.000000000000000000e+00
3.958230223903651535e+00 0.000000000000000000e+00 0.000000000000000000e+00
3.968632931456617996e+00 0.000000000000000000e+00 0.000000000000000000e+00
3.979035639009582681e+00 0.000000000000000000e+00 0.000000000000000000e+00
3.989438346562549143e+00 0.000000000000000000e+00 0.000000000000000000e+00
3.999841054115515604e+00 0.000000000000000000e+00 0.000000000000000000e+00
4.010243761668482065e+00 0.000000000000000000e+00 0.000000000000000000e+00
4.020646469221448527e+00 0.000000000000000000e+00 0.000000000000000000e+00
4.031049176774414988e+00 0.000000000000000000e+00 0.000000000000000000e+00
4.041451884327381450e+00 0.000000000000000000e+00 0.000000000000000000e+00
4.051854591880347911e+00 0.000000000000000000e+00 0.000000000000000000e+00
4.062257299433312596e+00 0.000000000000000000e+00 0.000000000000000000e+00
4.072660006986279058e+00 0.000000000000000000e+00 0.000000000000000000e+00
4.083062714539245519e+00 0.000000000000000000e+00 0.000000000000000000e+00
4.093465422092211980e+00 0.000000000000000000e+00 0.000000000000000000e+00
4.103868129645178442e+00 0.000000000000000000e+00 0.000000000000000000e+00
4.114270837198144903e+00 0.000000000000000000e+00 0.000000000000000000e+00
4.124673544751111365e+00 0.000000000000000000e+00 0.000000000000000000e+00
4.135076252304076050e+00 0.000000000000000000e+00 0.000000000000000000e+00
4.145478959857042511e+00 0.000000000000000000e+00 0.000000000000000000e+00
4.155881667410008973e+00 0.000000000000000000e+00 0.000000000000000000e+00
4.166284374962975434e+00 0.000000000000000000e+00 0.000000000000000000e+00
4.176687082515941896e+00 0.000000000000000000e+00 0.000000000000000000e+00
4.187089790068908357e+00 0.000000000000000000e+00 0.000000000000000000e+00
4.197492497621874818e+00 0.000000000000000000e+00 0.000000000000000000e+00
4.207895205174841280e+00 0.000000000000000000e+00 0.000000000000000000e+00
4.218297912727805965e+00 0.000000000000000000e+00 0.000000000000000000e+00
4.228700620280772426e+00 0.000000000000000000e+00 0.000000000000000000e+00
4.239103327833738888e+00 0.000000000000000000e+00 0.000000000000000000e+00
4.249506035386705349e+00 0.000000000000000000e+00 0.000000000000000000e+00
4.259908742939671811e+00 0.000000000000000000e+00 0.000000000000000000e+00
4.270311450492638272e+00 0.000000000000000000e+00 0.000000000000000000e+00
4.280714158045604734e+00 0.000000000000000000e+00 0.000000000000000000e+00
4.291116865598571195e+00 0.000000000000000000e+00 0.000000000000000000e+00
4.301519573151535880e+00 0.000000000000000000e+00 0.000000000000000000e+00
4.311922280704502342e+00 0.000000000000000000e+00 0.000000000000000000e+00
4.322324988257468803e+00 0.000000000000000000e+00 0.000000000000000000e+00
4.332727695810435264e+00 0.000000000000000000e+00 0.000000000000000000e+00
4.343130403363401726e+00 0.000000000000000000e+00 0.000000000000000000e+00
4.353533110916368187e+00 0.000000000000000000e+00 0.000000000000000000e+00
4.363935818469334649e+00 0.000000000000000000e+00 0.000000000000000000e+00
4.374338526022301110e+00 0.000000000000000000e+00 0.000000000000000000e+00
4.384741233575265795e+00 0.000000000000000000e+00 0.000000000000000000e+00
4.395143941128232257e+00 0.000000000000000000e+00 0.000000000000000000e+00
4.405546648681198718e+00 0.000000000000000000e+00 0.000000000000000000e+00
4.415949356234165180e+00 0.000000000000000000e+00 0.000000000000000000e+00
4.426352063787131641e+00 0.000000000000000000e+00 0.000000000000000000e+00
4.436754771340098102e+00 0.000000000000000000e+00 0.000000000000000000e+00
4.447157478893064564e+00 0.000000000000000000e+00 0.000000000000000000e+00
4.457560186446029249e+00 0.000000000000000000e+00 0.000000000000000000e+00
4.467962893998995710e+00 0.000000000000000000e+00 0.000000000000000000e+00
4.478365601551962172e+00 0.000000000000000000e+00 0.000000000000000000e+00
4.488768309104928633e+00 0.000000000000000000e+00 0.000000000000000000e+00
4.499171016657895095e+00 0.000000000000000000e+00 0.000000000000000000e+00
4.509573724210861556e+00 0.000000000000000000e+00 0.000000000000000000e+00
4.519976431763828018e+00 0.000000000000000000e+00 0.000000000000000000e+00
4.530379139316794479e+00 0.000000000000000000e+00 0.000000000000000000e+00
4.540781846869759164e+00 0.000000000000000000e+00 0.000000000000000000e+00
4.551184554422725625e+00 0.000000000000000000e+00 0.000000000000000000e+00
4.561587261975692087e+00 0.000000000000000000e+00 0.000000000000000000e+00
4.571989969528658548e+00 0.000000000000000000e+00 0.000000000000000000e+00
4.582392677081625010e+00 0.000000000000000000e+00 0.000000000000000000e+00
4.592795384634591471e+00 0.000000000000000000e+00 0.000000000000000000e+00
4.603198092187557933e+00 0.000000000000000000e+00 0.000000000000000000e+00
4.613600799740524394e+00 0.000000000000000000e+00 0.000000000000000000e+00
4.624003507293489079e+00 0.000000000000000000e+00 0.000000000000000000e+00
4.634406214846455541e+00 0.000000000000000000e+00 0.000000000000000000e+00
4.644808922399422002e+00 0.000000000000000000e+00 0.000000000000000000e+00
4.655211629952388463e+00 0.000000000000000000e+00 0.000000000000000000e+00
4.665614337505354925e+00 0.000000000000000000e+00 0.000000000000000000e+00
4.676017045058321386e+00 0.000000000000000000e+00 0.000000000000000000e+00
4.686419752611287848e+00 0.000000000000000000e+00 0.000000000000000000e+00
4.696822460164252533e+00 0.000000000000000000e+00 0.000000000000000000e+00
4.707225167717218994e+00 0.000000000000000000e+00 0.000000000000000000e+00
4.717627875270185456e+00 0.000000000000000000e+00 0.000000000000000000e+00
4.728030582823151917e+00 0.000000000000000000e+00 0.000000000000000000e+00
4.738433290376118379e+00 0.000000000000000000e+00 0.000000000000000000e+00
4.748835997929084840e+00 0.000000000000000000e+00 0.000000000000000000e+00
4.759238705482051301e+00 0.000000000000000000e+00 0.000000000000000000e+00
4.769641413035017763e+00 0.000000000000000000e+00 0.000000000000000000e+00
4.780044120587982448e+00 0.000000000000000000e+00 0.000000000000000000e+00
4.790446828140948909e+00 0.000000000000000000e+00 0.000000000000000000e+00
4.800849535693915371e+00 0.000000000000000000e+00 0.000000000000000000e+00
4.811252243246881832e+00 0.000000000000000000e+00 0.000000000000000000e+00
4.821654950799848294e+00 0.000000000000000000e+00 0.000000000000000000e+00
4.832057658352814755e+00 0.000000000000000000e+00 0.000000000000000000e+00
4.842460365905781217e+00 0.000000000000000000e+00 0.000000000000000000e+00
4.852863073458747678e+00 0.000000000000000000e+00 0.000000000000000000e+00
4.863265781011712363e+00 0.000000000000000000e+00 0.000000000000000000e+00
4.873668488564678825e+00 0.000000000000000000e+00 0.000000000000000000e+00
4.884071196117645286e+00 0.000000000000000000e+00 0.000000000000000000e+00
4.894473903670611747e+00 0.000000000000000000e+00 0.000000000000000000e+00
4.904876611223578209e+00 0.000000000000000000e+00 0.000000000000000000e+00
4.915279318776544670e+00 0.000000000000000000e+00 0.000000000000000000e+00
4.925682026329511132e+00 0.000000000000000000e+00 0.000000000000000000e+00
4.936084733882475817e+00 0.000000000000000000e+00 0.000000000000000000e+00
4.946487441435442278e+00 0.000000000000000000e+00 0.000000000000000000e+00
4.956890148988408740e+00 0.000000000000000000e+00 0.000000000000000000e+00
4.967292856541375201e+00 0.000000000000000000e+00 0.000000000000000000e+00
4.977695564094341663e+00 0.000000000000000000e+00 0.000000000000000000e+00
4.988098271647308124e+00 0.000000000000000000e+00 0.000000000000000000e+00
4.998500979200274585e+00 0.000000000000000000e+00 0.000000000000000000e+00
5.008903686753241047e+00 0.000000000000000000e+00 0.000000000000000000e+00
5.019306394306205732e+00 0.000000000000000000e+00 0.000000000000000000e+00
5.029709101859172193e+00 0.000000000000000000e+00 0.000000000000000000e+00
5.040111809412138655e+00 0.000000000000000000e+00 0.000000000000000000e+00
5.050514516965105116e+00 0.000000000000000000e+00 0.000000000000000000e+00
5.060917224518071578e+00 0.000000000000000000e+00 0.000000000000000000e+00
5.071319932071038039e+00 0.000000000000000000e+00 0.000000000000000000e+00
5.081722639624004501e+00 0.000000000000000000e+00 0.000000000000000000e+00
5.092125347176970962e+00 0.000000000000000000e+00 0.000000000000000000e+00
5.102528054729935647e+00 0.000000000000000000e+00 0.000000000000000000e+00
5.112930762282902108e+00 0.000000000000000000e+00 0.000000000000000000e+00
5.123333469835868570e+00 0.000000000000000000e+00 0.000000000000000000e+00
5.133736177388835031e+00 0.000000000000000000e+00 0.000000000000000000e+00
5.144138884941801493e+00 0.000000000000000000e+00 0.000000000000000000e+00
5.154541592494767954e+00 0.000000000000000000e+00 0.000000000000000000e+00
5.164944300047734416e+00 0.000000000000000000e+00 0.000000000000000000e+00
5.175347007600700877e+00 0.000000000000000000e+00 0.000000000000000000e+00
5.185749715153665562e+00 0.000000000000000000e+00 0.000000000000000000e+00
5.196152422706632024e+00 0.000000000000000000e+00 0.000000000000000000e+00
