# Traveling wave profile for m=4, c=1.0
# xi f residual
-5.477225575051661188e+00 0.000000000000000000e+00 0.000000000000000000e+00
-5.466260158484991472e+00 0.000000000000000000e+00 0.000000000000000000e+00
-5.455294741918320867e+00 0.000000000000000000e+00 0.000000000000000000e+00
-5.444329325351651150e+00 0.000000000000000000e+00 0.000000000000000000e+00
-5.433363908784981433e+00 0.000000000000000000e+00 0.000000000000000000e+00
-5.422398492218310828e+00 0.000000000000000000e+00 0.000000000000000000e+00
-5.411433075651641111e+00 0.000000000000000000e+00 0.000000000000000000e+00
-5.400467659084971395e+00 0.000000000000000000e+00 0.000000000000000000e+00
-5.389502242518301678e+00 0.000000000000000000e+00 0.000000000000000000e+00
-5.378536825951631073e+00 0.000000000000000000e+00 0.000000000000000000e+00
-5.367571409384961356e+00 0.000000000000000000e+00 0.000000000000000000e+00
-5.356605992818291639e+00 0.000000000000000000e+00 0.000000000000000000e+00
-5.345640576251621034e+00 0.000000000000000000e+00 0.000000000000000000e+00
-5.334675159684951318e+00 0.000000000000000000e+00 0.000000000000000000e+00
-5.323709743118281601e+00 0.000000000000000000e+00 0.000000000000000000e+00
-5.312744326551610996e+00 0.000000000000000000e+00 0.000000000000000000e+00
-5.301778909984941279e+00 0.000000000000000000e+00 0.000000000000000000e+00
-5.290813493418271563e+00 0.000000000000000000e+00 0.000000000000000000e+00
-5.279848076851600958e+00 0.000000000000000000e+00 0.000000000000000000e+00
-5.268882660284931241e+00 0.000000000000000000e+00 0.000000000000000000e+00
-5.257917243718261524e+00 0.000000000000000000e+00 0.000000000000000000e+00
-5.246951827151590919e+00 0.000000000000000000e+00 0.000000000000000000e+00
-5.235986410584921202e+00 0.000000000000000000e+00 0.000000000000000000e+00
-5.225020994018251486e+00 0.000000000000000000e+00 0.000000000000000000e+00
-5.214055577451581769e+00 0.000000000000000000e+00 0.000000000000000000e+00
-5.203090160884911164e+00 0.000000000000000000e+00 0.000000000000000000e+00
-5.192124744318241447e+00 0.000000000000000000e+00 0.000000000000000000e+00
-5.181159327751571730e+00 0.000000000000000000e+00 0.000000000000000000e+00
-5.170193911184901125e+00 0.000000000000000000e+00 0.000000000000000000e+00
-5.159228494618231409e+00 0.000000000000000000e+00 0.000000000000000000e+00
-5.148263078051561692e+00 0.000000000000000000e+00 0.000000000000000000e+00
-5.137297661484891087e+00 0.000000000000000000e+00 0.000000000000000000e+00
-5.126332244918221370e+00 0.000000000000000000e+00 0.000000000000000000e+00
-5.115366828351551653e+00 0.000000000000000000e+00 0.000000000000000000e+00
-5.104401411784881049e+00 0.000000000000000000e+00 0.000000000000000000e+00
-5.093435995218211332e+00 0.000000000000000000e+00 0.000000000000000000e+00
-5.082470578651541615e+00 0.000000000000000000e+00 0.000000000000000000e+00
-5.071505162084871898e+00 0.000000000000000000e+00 0.000000000000000000e+00
-5.060539745518201293e+00 0.000000000000000000e+00 0.000000000000000000e+00
-5.049574328951531577e+00 0.000000000000000000e+00 0.000000000000000000e+00
-5.038608912384861860e+00 0.000000000000000000e+00 0.000000000000000000e+00
-5.027643495818191255e+00 0.000000000000000000e+00 0.000000000000000000e+00
-5.016678079251521538e+00 0.000000000000000000e+00 0.000000000000000000e+00
-5.005712662684851821e+00 0.000000000000000000e+00 0.000000000000000000e+00
-4.994747246118181216e+00 0.000000000000000000e+00 0.000000000000000000e+00
-4.983781829551511500e+00 0.000000000000000000e+00 0.000000000000000000e+00
-4.972816412984841783e+00 0.000000000000000000e+00 0.000000000000000000e+00
-4.961850996418171178e+00 0.000000000000000000e+00 0.000000000000000000e+00
-4.950885579851501461e+00 0.000000000000000000e+00 0.000000000000000000e+00
-4.939920163284831744e+00 0.000000000000000000e+00 0.000000000000000000e+00
-4.928954746718162028e+00 0.000000000000000000e+00 0.000000000000000000e+00
-4.917989330151491423e+00 0.000000000000000000e+00 0.000000000000000000e+00
-4.907023913584821706e+00 0.000000000000000000e+00 0.000000000000000000e+00
-4.896058497018151101e+00 0.000000000000000000e+00 0.000000000000000000e+00
-4.885093080451481384e+00 0.000000000000000000e+00 0.000000000000000000e+00
-4.874127663884811668e+00 0.000000000000000000e+00 0.000000000000000000e+00
-4.863162247318141951e+00 0.000000000000000000e+00 0.000000000000000000e+00
-4.852196830751471346e+00 0.000000000000000000e+00 0.000000000000000000e+00
-4.841231414184801629e+00 0.000000000000000000e+00 0.000000000000000000e+00
-4.830265997618131912e+00 0.000000000000000000e+00 0.000000000000000000e+00
-4.819300581051461307e+00 0.000000000000000000e+00 0.000000000000000000e+00
-4.808335164484791591e+00 0.000000000000000000e+00 0.000000000000000000e+00
-4.797369747918121874e+00 0.000000000000000000e+00 0.000000000000000000e+00
-4.786404331351451269e+00 0.000000000000000000e+00 0.000000000000000000e+00
-4.775438914784781552e+00 0.000000000000000000e+00 0.000000000000000000e+00
-4.764473498218111835e+00 0.000000000000000000e+00 0.000000000000000000e+00
-4.753508081651441231e+00 0.000000000000000000e+00 0.000000000000000000e+00
-4.742542665084771514e+00 0.000000000000000000e+00 0.000000000000000000e+00
-4.731577248518101797e+00 0.000000000000000000e+00 0.000000000000000000e+00
-4.720611831951432080e+00 0.000000000000000000e+00 0.000000000000000000e+00
-4.709646415384761475e+00 0.000000000000000000e+00 0.000000000000000000e+00
-4.698680998818091759e+00 0.000000000000000000e+00 0.000000000000000000e+00
-4.687715582251422042e+00 0.000000000000000000e+00 0.000000000000000000e+00
-4.676750165684751437e+00 0.000000000000000000e+00 0.000000000000000000e+00
-4.665784749118081720e+00 0.000000000000000000e+00 0.000000000000000000e+00
-4.654819332551412003e+00 0.000000000000000000e+00 0.000000000000000000e+00
-4.643853915984741398e+00 0.000000000000000000e+00 0.000000000000000000e+00
-4.632888499418071682e+00 0.000000000000000000e+00 0.000000000000000000e+00
-4.621923082851401965e+00 0.000000000000000000e+00 0.000000000000000000e+00
-4.610957666284731360e+00 0.000000000000000000e+00 0.000000000000000000e+00
-4.599992249718061643e+00 0.000000000000000000e+00 0.000000000000000000e+00
-4.589026833151391926e+00 0.000000000000000000e+00 0.000000000000000000e+00
-4.578061416584722210e+00 0.000000000000000000e+00 0.000000000000000000e+00
-4.567096000018051605e+00 0.000000000000000000e+00 0.000000000000000000e+00
-4.556130583451381888e+00 0.000000000000000000e+00 0.000000000000000000e+00
-4.545165166884712171e+00 0.000000000000000000e+00 0.000000000000000000e+00
-4.534199750318041566e+00 0.000000000000000000e+00 0.000000000000000000e+00
-4.523234333751371850e+00 0.000000000000000000e+00 0.000000000000000000e+00
-4.512268917184702133e+00 0.000000000000000000e+00 0.000000000000000000e+00
-4.501303500618031528e+00 0.000000000000000000e+00 0.000000000000000000e+00
-4.490338084051361811e+00 0.000000000000000000e+00 0.000000000000000000e+00
-4.479372667484692094e+00 0.000000000000000000e+00 0.000000000000000000e+00
-4.468407250918021489e+00 0.000000000000000000e+00 0.000000000000000000e+00
-4.457441834351351773e+00 0.000000000000000000e+00 0.000000000000000000e+00
-4.446476417784682056e+00 0.000000000000000000e+00 0.000000000000000000e+00
-4.435511001218012339e+00 0.000000000000000000e+00 0.000000000000000000e+00
-4.424545584651341734e+00 0.000000000000000000e+00 0.000000000000000000e+00
-4.413580168084672017e+00 0.000000000000000000e+00 0.000000000000000000e+00
-4.402614751518001412e+00 0.000000000000000000e+00 0.000000000000000000e+00
-4.391649334951331696e+00 0.000000000000000000e+00 0.000000000000000000e+00
-4.380683918384661979e+00 0.000000000000000000e+00 0.000000000000000000e+00
-4.369718501817992262e+00 0.000000000000000000e+00 0.000000000000000000e+00
-4.358753085251321657e+00 0.000000000000000000e+00 0.000000000000000000e+00
-4.347787668684651941e+00 0.000000000000000000e+00 0.000000000000000000e+00
-4.336822252117982224e+00 0.000000000000000000e+00 0.000000000000000000e+00
-4.325856835551311619e+00 0.000000000000000000e+00 0.000000000000000000e+00
-4.314891418984641902e+00 0.000000000000000000e+00 0.000000000000000000e+00
-4.303926002417972185e+00 0.000000000000000000e+00 0.000000000000000000e+00
-4.292960585851302469e+00 0.000000000000000000e+00 0.000000000000000000e+00
-4.281995169284631864e+00 0.000000000000000000e+00 0.000000000000000000e+00
-4.271029752717962147e+00 0.000000000000000000e+00 0.000000000000000000e+00
-4.260064336151291542e+00 0.000000000000000000e+00 0.000000000000000000e+00
-4.249098919584621825e+00 0.000000000000000000e+00 0.000000000000000000e+00
-4.238133503017952108e+00 0.000000000000000000e+00 0.000000000000000000e+00
-4.227168086451282392e+00 0.000000000000000000e+00 0.000000000000000000e+00
-4.216202669884611787e+00 0.000000000000000000e+00 0.000000000000000000e+00
-4.205237253317942070e+00 0.000000000000000000e+00 0.000000000000000000e+00
-4.194271836751272353e+00 0.000000000000000000e+00 0.000000000000000000e+00
-4.183306420184601748e+00 0.000000000000000000e+00 0.000000000000000000e+00
-4.172341003617932031e+00 0.000000000000000000e+00 0.000000000000000000e+00
-4.161375587051262315e+00 0.000000000000000000e+00 0.000000000000000000e+00
-4.150410170484592598e+00 0.000000000000000000e+00 0.000000000000000000e+00
-4.139444753917921993e+00 0.000000000000000000e+00 0.000000000000000000e+00
-4.128479337351252276e+00 0.000000000000000000e+00 0.000000000000000000e+00
-4.117513920784581671e+00 0.000000000000000000e+00 0.000000000000000000e+00
-4.106548504217911955e+00 0.000000000000000000e+00 0.000000000000000000e+00
-4.095583087651242238e+00 0.000000000000000000e+00 0.000000000000000000e+00
-4.084617671084572521e+00 0.000000000000000000e+00 0.000000000000000000e+00
-4.073652254517901916e+00 0.000000000000000000e+00 0.000000000000000000e+00
-4.062686837951232199e+00 0.000000000000000000e+00 0.000000000000000000e+00
-4.051721421384562483e+00 0.000000000000000000e+00 0.000000000000000000e+00
-4.040756004817891878e+00 0.000000000000000000e+00 0.000000000000000000e+00
-4.029790588251222161e+00 0.000000000000000000e+00 0.000000000000000000e+00
-4.018825171684552444e+00 0.000000000000000000e+00 0.000000000000000000e+00
-4.007859755117882727e+00 0.000000000000000000e+00 0.000000000000000000e+00
-3.996894338551212122e+00 0.000000000000000000e+00 0.000000000000000000e+00
-3.985928921984542406e+00 0.000000000000000000e+00 0.000000000000000000e+00
-3.974963505417872245e+00 0.000000000000000000e+00 0.000000000000000000e+00
-3.963998088851202084e+00 0.000000000000000000e+00 0.000000000000000000e+00
-3.953032672284532367e+00 0.000000000000000000e+00 0.000000000000000000e+00
-3.942067255717862206e+00 0.000000000000000000e+00 0.000000000000000000e+00
-3.931101839151192046e+00 0.000000000000000000e+00 0.000000000000000000e+00
-3.920136422584522329e+00 0.000000000000000000e+00 0.000000000000000000e+00
-3.909171006017852168e+00 0.000000000000000000e+00 0.000000000000000000e+00
-3.898205589451182007e+00 0.000000000000000000e+00 0.000000000000000000e+00
-3.887240172884512290e+00 0.000000000000000000e+00 0.000000000000000000e+00
-3.876274756317842574e+00 0.000000000000000000e+00 0.000000000000000000e+00
-3.865309339751171969e+00 0.000000000000000000e+00 0.000000000000000000e+00
-3.854343923184502252e+00 0.000000000000000000e+00 0.000000000000000000e+00
-3.843378506617832535e+00 0.000000000000000000e+00 0.000000000000000000e+00
-3.832413090051162374e+00 0.000000000000000000e+00 0.000000000000000000e+00
-3.821447673484492213e+00 0.000000000000000000e+00 0.000000000000000000e+00
-3.810482256917822497e+00 0.000000000000000000e+00 0.000000000000000000e+00
-3.799516840351152336e+00 0.000000000000000000e+00 0.000000000000000000e+00
-3.788551423784482175e+00 0.000000000000000000e+00 0.000000000000000000e+00
-3.777586007217812458e+00 0.000000000000000000e+00 0.000000000000000000e+00
-3.766620590651142297e+00 0.000000000000000000e+00 0.000000000000000000e+00
-3.755655174084472137e+00 0.000000000000000000e+00 0.000000000000000000e+00
-3.744689757517802420e+00 0.000000000000000000e+00 0.000000000000000000e+00
-3.733724340951132259e+00 0.000000000000000000e+00 0.000000000000000000e+00
-3.722758924384462098e+00 0.000000000000000000e+00 0.000000000000000000e+00
-3.711793507817792381e+00 0.000000000000000000e+00 0.000000000000000000e+00
-3.700828091251122665e+00 0.000000000000000000e+00 0.000000000000000000e+00
-3.689862674684452504e+00 0.000000000000000000e+00 0.000000000000000000e+00
-3.678897258117782343e+00 0.000000000000000000e+00 0.000000000000000000e+00
-3.667931841551112626e+00 0.000000000000000000e+00 0.000000000000000000e+00
-3.656966424984442465e+00 0.000000000000000000e+00 0.000000000000000000e+00
-3.646001008417772304e+00 1.442369506820672387e-01 1.483404111906305167e-01
-3.635035591851102588e+00 2.079214327294874598e-01 2.166272976114940185e-01
-3.624070175284432427e+00 2.463943942710704049e-01 2.577517708298769361e-01
-3.613104758717762266e+00 2.755001375261783014e-01 2.894297614105547090e-01
-3.602139342151092549e+00 2.994226376275225254e-01 3.157229292897764106e-01
-3.591173925584422388e+00 3.199747301503457764e-01 3.384745673956831014e-01
-3.580208509017752228e+00 3.381270352078036279e-01 3.586854753023154818e-01
-3.569243092451082511e+00 3.544673119743806944e-01 3.769663957123077225e-01
-3.558277675884412794e+00 3.693817251552004577e-01 3.937207541325316584e-01
-3.547312259317742189e+00 3.831392307098038796e-01 4.092307051520908123e-01
-3.536346842751072472e+00 3.959355606773209968e-01 4.237023022323116450e-01
-3.525381426184402756e+00 4.079181300261219834e-01 4.372912046506903239e-01
-3.514416009617732595e+00 4.192010669125258993e-01 4.501182507808877964e-01
-3.503450593051062434e+00 4.298747528748874114e-01 4.622793741160452496e-01
-3.492485176484392717e+00 4.400121327624786916e-01 4.738521792322363813e-01
-3.481519759917722556e+00 4.496730334288085440e-01 4.849004529789489593e-01
-3.470554343351052395e+00 4.589072062857078582e-01 4.954773491841127919e-01
-3.459588926784382679e+00 4.677565245669079164e-01 5.056276928501597379e-01
-3.448623510217712518e+00 4.762566045729666464e-01 5.153896831932357481e-01
-3.437658093651042357e+00 4.844380245882783931e-01 5.247961760751531646e-01
-3.426692677084372640e+00 4.923272566361842628e-01 5.338756657541497974e-01
-3.415727260517702479e+00 4.999473893067138963e-01 5.426530475537121312e-01
-3.404761843951032763e+00 5.073186959583426692e-01 5.511502181698544334e-01
-3.393796427384362602e+00 5.144590867144911428e-01 5.593865538039720642e-01
-3.382831010817692441e+00 5.213844719127135319e-01 5.673792950876951346e-01
-3.371865594251022724e+00 5.281090572299658170e-01 5.751438600052080075e-01
-3.360900177684352563e+00 5.346455854824302412e-01 5.826941005576423693e-01
-3.349934761117682847e+00 5.410055363682744201e-01 5.900425150111684447e-01
-3.338969344551012686e+00 5.471992927203233048e-01 5.972004247407880495e-01
-3.328003927984342525e+00 5.532362798532585169e-01 6.041781226032332253e-01
-3.317038511417672808e+00 5.591250831175458291e-01 6.109849982270345592e-01
-3.306073094851002647e+00 5.648735476662948285e-01 6.176296444459480339e-01
-3.295107678284332486e+00 5.704888636018344839e-01 6.241199482193182657e-01
-3.284142261717662770e+00 5.759776390255153533e-01 6.304631687059928380e-01
-3.273176845150992609e+00 5.813459630168209546e-01 6.366660046345594681e-01
-3.262211428584322892e+00 5.865994601799980890e-01 6.427346527037831603e-01
-3.251246012017652731e+00 5.917433380915592123e-01 6.486748584255757066e-01
-3.240280595450982570e+00 5.967824287406381378e-01 6.544919605680331598e-01
-3.229315178884312854e+00 6.017212248617429537e-01 6.601909301527553176e-01
-3.218349762317642693e+00 6.065639119050061367e-01 6.657764047974288335e-01
-3.207384345750972532e+00 6.113143962643309282e-01 6.712527190627027851e-01
-3.196418929184302815e+00 6.159763302825463915e-01 6.766239313552016021e-01
-3.185453512617632654e+00 6.205531344699646290e-01 6.818938478508737022e-01
-3.174488096050962938e+00 6.250480173048138521e-01 6.870660438308684448e-01
-3.163522679484292777e+00 6.294639929279980395e-01 6.921438827627777179e-01
-3.152557262917622616e+00 6.338038969981738546e-01 6.971305334107030793e-01
-3.141591846350952899e+00 6.380704009344606575e-01 7.020289852165757516e-01
-3.130626429784282738e+00 6.422660247417484314e-01 7.068420621607781618e-01
-3.119661013217612577e+00 6.463931485863994020e-01 7.115724352812167197e-01
-3.108695596650942861e+00 6.504540232672495481e-01 7.162226340057089580e-01
-3.097730180084272700e+00 6.544507797074303745e-01 7.207950564317920916e-01
-3.086764763517602983e+00 6.583854375760744837e-01 7.252919786706583105e-01
-3.075799346950932822e+00 6.622599131349583557e-01 7.297155633569569755e-01
-3.064833930384262661e+00 6.660760263931326808e-01 7.340678674133449544e-01
-3.053868513817592945e+00 6.698355076423231358e-01 7.383508491478029123e-01
-3.042903097250922784e+00 6.735400034370317979e-01 7.425663747522593949e-01
-3.031937680684252623e+00 6.771910820756452676e-01 7.467162242628812008e-01
-3.020972264117582906e+00 6.807902386322519650e-01 7.508020970353809220e-01
-3.010006847550912745e+00 6.843388995831448662e-01 7.548256167825919682e-01
-2.999041430984243028e+00 6.878384270670093725e-01 7.587883362161558232e-01
-2.988076014417572868e+00 6.912901228134485931e-01 7.626917413296021575e-01
-2.977110597850902707e+00 6.946952317707065783e-01 7.665372553560028113e-01
-2.966145181284232990e+00 6.980549454601254755e-01 7.703262424298153999e-01
-2.955179764717562829e+00 7.013704050819511426e-01 7.740600109794200101e-01
-2.944214348150893112e+00 7.046427043945319157e-01 7.777398168741077589e-01
-2.933248931584222952e+00 7.078728923866979272e-01 7.813668663468015252e-01
-2.922283515017552791e+00 7.110619757610919800e-01 7.849423187117198220e-01
-2.911318098450883074e+00 7.142109212444687216e-01 7.884672888942090285e-01
-2.900352681884212913e+00 7.173206577393912431e-01 7.919428497883530538e-01
-2.889387265317542752e+00 7.203920783303674469e-01 7.953700344564232916e-01
-2.878421848750873036e+00 7.234260421562204169e-01 7.987498381828905814e-01
-2.867456432184202875e+00 7.264233761593787975e-01 8.020832203946142158e-01
-2.856491015617533158e+00 7.293848767217827600e-01 8.053711064575909129e-01
-2.845525599050862997e+00 7.323113111962143984e-01 8.086143893598657373e-01
-2.834560182484192836e+00 7.352034193410657004e-01 8.118139312892692638e-01
-2.823594765917523119e+00 7.380619146658462526e-01 8.149705651138389184e-01
-2.812629349350852959e+00 7.408874856940897979e-01 8.180850957721904626e-01
-2.801663932784182798e+00 7.436807971497414460e-01 8.211583015804262420e-01
-2.790698516217513081e+00 7.464424910725885320e-01 8.241909354615396532e-01
-2.779733099650842920e+00 7.491731878678272727e-01 8.271837261029425514e-01
-2.768767683084173203e+00 7.518734872944305980e-01 8.301373790471144876e-01
-2.757802266517503043e+00 7.545439693966043970e-01 8.330525777200302739e-01
-2.746836849950832882e+00 7.571851953822603676e-01 8.359299844016392367e-01
-2.735871433384163165e+00 7.597977084521295721e-01 8.387702411423743065e-01
-2.724906016817493004e+00 7.623820345828441480e-01 8.415739706292071354e-01
-2.713940600250822843e+00 7.649386832670559411e-01 8.443417770047099147e-01
-2.702975183684153127e+00 7.674681482134255717e-01 8.470742466421008476e-01
-2.692009767117482966e+00 7.699709080090941793e-01 8.497719488791972697e-01
-2.681044350550813249e+00 7.724474267470545774e-01 8.524354367138385902e-01
-2.670078933984143088e+00 7.748981546206563653e-01 8.550652474632620681e-01
-2.659113517417472927e+00 7.773235284873134532e-01 8.576619033896710764e-01
-2.648148100850803210e+00 7.797239724033335762e-01 8.602259122940828506e-01
-2.637182684284133050e+00 7.820998981316462650e-01 8.627577680803883986e-01
-2.626217267717463333e+00 7.844517056240802866e-01 8.652579512914528870e-01
-2.615251851150793172e+00 7.867797834797269907e-01 8.677269296188832026e-01
-2.604286434584123011e+00 7.890845093808110944e-01 8.701651583880766205e-01
-2.593321018017453294e+00 7.913662505074008369e-01 8.725730810199712195e-01
-2.582355601450783134e+00 7.936253639321901865e-01 8.749511294708350873e-01
-2.571390184884112973e+00 7.958621969965056220e-01 8.772997246513642988e-01
-2.560424768317443256e+00 7.980770876686121840e-01 8.796192768263004780e-01
-2.549459351750773095e+00 8.002703648853207730e-01 8.819101859955742473e-01
-2.538493935184103378e+00 8.024423488778326119e-01 8.841728422581489610e-01
-2.527528518617433217e+00 8.045933514826983934e-01 8.864076261593352157e-01
-2.516563102050763057e+00 8.067236764387060166e-01 8.886149090226157510e-01
-2.505597685484093340e+00 8.088336196704684067e-01 8.907950532667826549e-01
-2.494632268917423179e+00 8.109234695594249587e-01 8.929484127091671386e-01
-2.483666852350753018e+00 8.129935072029291776e-01 8.950753328556260158e-01
-2.472701435784083301e+00 8.150440066620554536e-01 8.971761511781695120e-01
-2.461736019217413141e+00 8.170752351987139450e-01 8.992511973806502912e-01
-2.450770602650743424e+00 8.190874535026290149e-01 9.013007936532628772e-01
-2.439805186084073263e+00 8.210809159087044673e-01 9.033252549164256795e-01
-2.428839769517403102e+00 8.230558706052647500e-01 9.053248890545192440e-01
-2.417874352950733385e+00 8.250125598336326416e-01 9.072999971400083075e-01
-2.406908936384063225e+00 8.269512200794794099e-01 9.092508736484927745e-01
-2.395943519817393064e+00 8.288720822563538926e-01 9.111778066650019214e-01
-2.384978103250723347e+00 8.307753718817761923e-01 9.130810780821208006e-01
-2.374012686684053186e+00 8.326613092462596954e-01 9.149609637901919834e-01
-2.363047270117383469e+00 8.345301095756016974e-01 9.168177338600795867e-01
-2.352081853550713308e+00 8.363819831867668197e-01 9.186516527187978953e-01
-2.341116436984043148e+00 8.382171356376675320e-01 9.204629793183506381e-01
-2.330151020417373431e+00 8.400357678711292131e-01 9.222519672981210892e-01
-2.319185603850703270e+00 8.418380763533126476e-01 9.240188651410495835e-01
-2.308220187284033553e+00 8.436242532068491951e-01 9.257639163239896885e-01
-2.297254770717363392e+00 8.453944863389345477e-01 9.274873594623860296e-01
-2.286289354150693232e+00 8.471489595646084503e-01 9.291894284496291512e-01
-2.275323937584023515e+00 8.488878527254393180e-01 9.308703525912633836e-01
-2.264358521017353354e+00 8.506113418038213636e-01 9.325303567343409261e-01
-2.253393104450683193e+00 8.523195990330770799e-01 9.341696613920156267e-01
-2.242427687884013476e+00 8.540127930035519288e-01 9.357884828637605956e-01
-2.231462271317343316e+00 8.556910887648782049e-01 9.373870333512542841e-01
-2.220496854750673599e+00 8.573546479245710561e-01 9.389655210701737253e-01
-2.209531438184003438e+00 8.590036287431199735e-01 9.405241503580619167e-01
-2.198566021617333277e+00 8.606381862257206361e-01 9.420631217784757316e-01
-2.187600605050663560e+00 8.622584722107943245e-01 9.435826322215166151e-01
-2.176635188483993399e+00 8.638646354554285756e-01 9.450828750009173662e-01
-2.165669771917323239e+00 8.654568217178668643e-01 9.465640399478116862e-01
-2.154704355350653522e+00 8.670351738371727679e-01 9.480263135013810016e-01
-2.143738938783983361e+00 8.685998318101832982e-01 9.494698787964199749e-01
-2.132773522217313644e+00 8.701509328658619813e-01 9.508949157480200975e-01
-2.121808105650643483e+00 8.716886115371602628e-01 9.523016011334545228e-01
-2.110842689083973323e+00 8.732129997304838298e-01 9.536901086713323039e-01
-2.099877272517303606e+00 8.747242267928631021e-01 9.550606090982569629e-01
-2.088911855950633445e+00 8.762224195769185986e-01 9.564132702429493094e-01
-2.077946439383963284e+00 8.777077025037065550e-01 9.577482570980097032e-01
-2.066981022817293567e+00 8.791801976235301685e-01 9.590657318893854866e-01
-2.056015606250623406e+00 8.806400246747951854e-01 9.603658541436661533e-01
-2.045050189683953690e+00 8.820873011409837705e-01 9.616487807532232424e-01
-2.034084773117283529e+00 8.835221423058224888e-01 9.629146660393674839e-01
-2.023119356550613368e+00 8.849446613067092349e-01 9.641636618134867831e-01
-2.012153939983943651e+00 8.863549691864683888e-01 9.653959174363784257e-01
-2.001188523417273490e+00 8.877531749434961483e-01 9.666115798756883537e-01
-1.990223106850603330e+00 8.891393855803545465e-01 9.678107937616706735e-01
-1.979257690283933613e+00 8.905137061508748841e-01 9.689937014412306482e-01
-1.968292273717263452e+00 8.918762398058233121e-01 9.701604430303418791e-01
-1.957326857150593735e+00 8.932270878371815215e-01 9.713111564649351548e-01
-1.946361440583923574e+00 8.945663497210945003e-01 9.724459775502500847e-01
-1.935396024017253414e+00 8.958941231595313193e-01 9.735650400087491052e-01
-1.924430607450583697e+00 8.972105041207072418e-01 9.746684755266443734e-01
-1.913465190883913536e+00 8.985155868783104571e-01 9.757564137990399900e-01
-1.902499774317243819e+00 8.998094640495758467e-01 9.768289825738256660e-01
-1.891534357750573658e+00 9.010922266322465291e-01 9.778863076942394539e-01
-1.880568941183903497e+00 9.023639640404624851e-01 9.789285131403009377e-01
-1.869603524617233781e+00 9.036247641396131236e-01 9.799557210690030828e-01
-1.858638108050563620e+00 9.048747132801904236e-01 9.809680518534117377e-01
-1.847672691483893459e+00 9.061138963306756278e-01 9.819656241206694558e-01
-1.836707274917223742e+00 9.073423967094942366e-01 9.829485547889100783e-01
-1.825741858350553581e+00 9.085602964160698347e-01 9.839169591032027595e-01
-1.814776441783883865e+00 9.097676760610071689e-01 9.848709506704682592e-01
-1.803811025217213704e+00 9.109646148954344547e-01 9.858106414934783013e-01
-1.792845608650543543e+00 9.121511908395322221e-01 9.867361420039078013e-01
-1.781880192083873826e+00 9.133274805102760130e-01 9.876475610944697170e-01
-1.770914775517203665e+00 9.144935592484187969e-01 9.885450061502553121e-01
-1.759949358950533504e+00 9.156495011447377541e-01 9.894285830791874625e-01
-1.748983942383863788e+00 9.167953790655698487e-01 9.902983963416847057e-01
-1.738018525817193627e+00 9.179312646776589535e-01 9.911545489795278163e-01
-1.727053109250523910e+00 9.190572284723363961e-01 9.919971426439943007e-01
-1.716087692683853749e+00 9.201733397890570210e-01 9.928262776232491538e-01
-1.705122276117183588e+00 9.212796668383103071e-01 9.936420528690068643e-01
-1.694156859550513872e+00 9.223762767239269689e-01 9.944445660225187389e-01
-1.683191442983843711e+00 9.234632354647999142e-01 9.952339134399310616e-01
-1.672226026417173550e+00 9.245406080160377682e-01 9.960101902169192778e-01
-1.661260609850503833e+00 9.256084582895682811e-01 9.967734902127598495e-01
-1.650295193283833672e+00 9.266668491742096059e-01 9.975239060737872698e-01
-1.639329776717163956e+00 9.277158425552247678e-01 9.982615292562236897e-01
-1.628364360150493795e+00 9.287554993333753117e-01 9.989864500484758603e-01
-1.617398943583823634e+00 9.297858794434895602e-01 9.996987575928741876e-01
-1.606433527017153917e+00 9.308070418725604700e-01 1.000398539906867557e+00
-1.595468110450483756e+00 9.318190446773868540e-01 1.001085883903689799e+00
-1.584502693883814040e+00 9.328219450017702918e-01 1.001760875412513130e+00
-1.573537277317143879e+00 9.338157990932844932e-01 1.002423599198181137e+00
-1.562571860750473718e+00 9.348006623196252196e-01 1.003074138980341257e+00
-1.551606444183804001e+00 9.357765891845565287e-01 1.003712577452218202e+00
-1.540641027617133840e+00 9.367436333434639995e-01 1.004338996298937081e+00
-1.529675611050463679e+00 9.377018476185253748e-01 1.004953476215288966e+00
-1.518710194483793963e+00 9.386512840135112778e-01 1.005556096923232667e+00
-1.507744777917123802e+00 9.395919937282259937e-01 1.006146937188927337e+00
-1.496779361350454085e+00 9.405240271725978651e-01 1.006726074839257690e+00
-1.485813944783783924e+00 9.414474339804305147e-01 1.007293586778181593e+00
-1.474848528217114207e+00 9.423622630228234431e-01 1.007849549002463263e+00
-1.463883111650443603e+00 9.432685624212718833e-01 1.008394036617258793e+00
-1.452917695083773886e+00 9.441663795604547937e-01 1.008927123851189211e+00
-1.441952278517104169e+00 9.450557611007195380e-01 1.009448884071107777e+00
-1.430986861950433564e+00 9.459367529902709126e-01 1.009959389796607487e+00
-1.420021445383763847e+00 9.468094004770749583e-01 1.010458712714032536e+00
-1.409056028817094131e+00 9.476737481204823288e-01 1.010946923690358989e+00
-1.398090612250423526e+00 9.485298398025806543e-01 1.011424092786658457e+00
-1.387125195683753809e+00 9.493777187392832273e-01 1.011890289271217602e+00
-1.376159779117084092e+00 9.502174274911607821e-01 1.012345581632521974e+00
-1.365194362550414375e+00 9.510490079740226976e-01 1.012790037591760672e+00
-1.354228945983743770e+00 9.518725014692548392e-01 1.013223724115171365e+00
-1.343263529417074054e+00 9.526879486339208114e-01 1.013646707426123728e+00
-1.332298112850404337e+00 9.534953895106326183e-01 1.014059053016863610e+00
-1.321332696283733732e+00 9.542948635371957256e-01 1.014460825660044918e+00
-1.310367279717064015e+00 9.550864095560358535e-01 1.014852089419972625e+00
-1.299401863150394298e+00 9.558700658234131620e-01 1.015232907663678130e+00
-1.288436446583723693e+00 9.566458700184272690e-01 1.015603343071685760e+00
-1.277471030017053977e+00 9.574138592518213198e-01 1.015963457648553225e+00
-1.266505613450384260e+00 9.581740700745878803e-01 1.016313312733194918e+00
-1.255540196883713655e+00 9.589265384863830954e-01 1.016652969009032903e+00
-1.244574780317043938e+00 9.596712999437532199e-01 1.016982486513846817e+00
-1.233609363750374222e+00 9.604083893681784057e-01 1.017301924649459011e+00
-1.222643947183704505e+00 9.611378411539387434e-01 1.017611342191231616e+00
-1.211678530617033900e+00 9.618596891758058876e-01 1.017910797297326697e+00
-1.200713114050364183e+00 9.625739667965655944e-01 1.018200347517765891e+00
-1.189747697483694466e+00 9.632807068743749479e-01 1.018480049803376142e+00
-1.178782280917023861e+00 9.639799417699587147e-01 1.018749960514477637e+00
-1.167816864350354145e+00 9.646717033536469366e-01 1.019010135429344155e+00
-1.156851447783684428e+00 9.653560230122607555e-01 1.019260629752635428e+00
-1.145886031217013823e+00 9.660329316558466939e-01 1.019501498123530192e+00
-1.134920614650344106e+00 9.667024597242658279e-01 1.019732794623746441e+00
-1.123955198083674389e+00 9.673646371936391875e-01 1.019954572785360725e+00
-1.112989781517003784e+00 9.680194935826539337e-01 1.020166885598525086e+00
-1.102024364950334068e+00 9.686670579587337571e-01 1.020369785518958627e+00
-1.091058948383664351e+00 9.693073589440750482e-01 1.020563324475308287e+00
-1.080093531816993746e+00 9.699404247215542840e-01 1.020747553876449221e+00
-1.069128115250324029e+00 9.705662830405075159e-01 1.020922524618446570e+00
-1.058162698683654313e+00 9.711849612223861783e-01 1.021088287091569180e+00
-1.047197282116984596e+00 9.717964861662911069e-01 1.021244891187041093e+00
-1.036231865550313991e+00 9.724008843543888725e-01 1.021392386303747957e+00
-1.025266448983644274e+00 9.729981818572107644e-01 1.021530821354664553e+00
-1.014301032416974557e+00 9.735884043388401965e-01 1.021660244773346937e+00
-1.003335615850303952e+00 9.741715770619874259e-01 1.021780704520149241e+00
-9.923701992836342356e-01 9.747477248929575788e-01 1.021892248088352551e+00
-9.814047827169645188e-01 9.753168723065113177e-01 1.021994922510212289e+00
-9.704393661502939139e-01 9.758790433906228134e-01 1.022088774362818420e+00
-9.594739495836241971e-01 9.764342618511352434e-01 1.022173849773924781e+00
-9.485085330169544804e-01 9.769825510163177018e-01 1.022250194427571257e+00
-9.375431164502838755e-01 9.775239338413249657e-01 1.022317853569667312e+00
-9.265776998836141587e-01 9.780584329125612264e-01 1.022376872013425864e+00
-9.156122833169444419e-01 9.785860704519518949e-01 1.022427294144684362e+00
-9.046468667502747252e-01 9.791068683211230361e-01 1.022469163927171909e+00
-8.936814501836041202e-01 9.796208480254925410e-01 1.022502524907652477e+00
-8.827160336169344035e-01 9.801280307182729246e-01 1.022527420220859184e+00
-8.717506170502646867e-01 9.806284372043888586e-01 1.022543892594549142e+00
-8.607852004835940818e-01 9.811220879443108833e-01 1.022551984354278964e+00
-8.498197839169243650e-01 9.816090030578062953e-01 1.022551737428129881e+00
-8.388543673502546483e-01 9.820892023276101002e-01 1.022543193351379553e+00
-8.278889507835840433e-01 9.825627052030162512e-01 1.022526393271071310e+00
-8.169235342169143266e-01 9.830295308033916157e-01 1.022501377950447932e+00
-8.059581176502446098e-01 9.834896979216146695e-01 1.022468187773380333e+00
-7.949927010835740049e-01 9.839432250274382508e-01 1.022426862748610832e+00
-7.840272845169042881e-01 9.843901302707802614e-01 1.022377442514000645e+00
-7.730618679502345714e-01 9.848304314849426477e-01 1.022319966340658359e+00
-7.620964513835639664e-01 9.852641461897596598e-01 1.022254473136993358e+00
-7.511310348168942497e-01 9.856912915946771658e-01 1.022181001452632687e+00
-7.401656182502245329e-01 9.861118846017640216e-01 1.022099589482406756e+00
-7.292002016835548162e-01 9.865259418086576026e-01 1.022010275070093677e+00
-7.182347851168842112e-01 9.869334795114433900e-01 1.021913095712208452e+00
-7.072693685502144945e-01 9.873345137074701627e-01 1.021808088561623862e+00
-6.963039519835447777e-01 9.877290600981032398e-01 1.021695290431213321e+00
-6.853385354168741728e-01 9.881171340914147727e-01 1.021574737797366961e+00
-6.743731188502044560e-01 9.884987508048137528e-01 1.021446466803427766e+00
-6.634077022835347393e-01 9.888739250676161774e-01 1.021310513263126607e+00
-6.524422857168641343e-01 9.892426714235567076e-01 1.021166912663854287e+00
-6.414768691501944176e-01 9.896050041332417058e-01 1.021015700169926266e+00
-6.305114525835247008e-01 9.899609371765466515e-01 1.020856910625850045e+00
-6.195460360168540959e-01 9.903104842549572684e-01 1.020690578559359407e+00
-6.085806194501843791e-01 9.906536587938549188e-01 1.020516738184524819e+00
-5.976152028835146623e-01 9.909904739447495947e-01 1.020335423404769903e+00
-5.866497863168440574e-01 9.913209425874580649e-01 1.020146667815805097e+00
-5.756843697501743407e-01 9.916450773322306178e-01 1.019950504708500016e+00
-5.647189531835046239e-01 9.919628905218261794e-01 1.019746967071756716e+00
-5.537535366168349071e-01 9.922743942335365830e-01 1.019536087595237284e+00
-5.427881200501643022e-01 9.925796002811604346e-01 1.019317898672097877e+00
-5.318227034834945854e-01 9.928785202169285729e-01 1.019092432401658810e+00
-5.208572869168248687e-01 9.931711653333804568e-01 1.018859720592005136e+00
-5.098918703501542637e-01 9.934575466651928144e-01 1.018619794762534614e+00
-4.989264537834845470e-01 9.937376749909611062e-01 1.018372686146440387e+00
-4.879610372168148302e-01 9.940115608349349152e-01 1.018118425693196993e+00
-4.769956206501442253e-01 9.942792144687070399e-01 1.017857044070958228e+00
-4.660302040834745085e-01 9.945406459128576238e-01 1.017588571668842645e+00
-4.550647875168047918e-01 9.947958649385536534e-01 1.017313038599298780e+00
-4.440993709501341868e-01 9.950448810691043811e-01 1.017030474700348242e+00
-4.331339543834644701e-01 9.952877035814733375e-01 1.016740909537688697e+00
-4.221685378167947533e-01 9.955243415077473790e-01 1.016444372407021790e+00
-4.112031212501250366e-01 9.957548036365637678e-01 1.016140892335981816e+00
-4.002377046834544316e-01 9.959790985144945097e-01 1.015830498086319089e+00
-3.892722881167847149e-01 9.961972344473902785e-01 1.015513218155822628e+00
-3.783068715501149981e-01 9.964092195016830411e-01 1.015189080780375841e+00
-3.673414549834443932e-01 9.966150615056480477e-01 1.014858113935824591e+00
-3.563760384167746764e-01 9.968147680506265207e-01 1.014520345339851248e+00
-3.454106218501049597e-01 9.970083464922078198e-01 1.014175802453836983e+00
-3.344452052834343547e-01 9.971958039513735272e-01 1.013824512484687856e+00
-3.234797887167646380e-01 9.973771473156024525e-01 1.013466502386505264e+00
-3.125143721500949212e-01 9.975523832399367796e-01 1.013101798862361846e+00
-3.015489555834243163e-01 9.977215181480111328e-01 1.012730428365955504e+00
-2.905835390167545995e-01 9.978845582330432284e-01 1.012352417103189683e+00
-2.796181224500848828e-01 9.980415094587883340e-01 1.011967791033860031e+00
-2.686527058834142778e-01 9.981923775604554239e-01 1.011576575873136097e+00
-2.576872893167445611e-01 9.983371680455884745e-01 1.011178797093076787e+00
-2.467218727500748443e-01 9.984758861949094566e-01 1.010774479924090086e+00
-2.357564561834051275e-01 9.986085370631272440e-01 1.010363649356397220e+00
-2.247910396167345226e-01 9.987351254797093292e-01 1.009946330141421322e+00
-2.138256230500648059e-01 9.988556560496194558e-01 1.009522546793119258e+00
-2.028602064833950891e-01 9.989701331540185025e-01 1.009092323589306783e+00
-1.918947899167244842e-01 9.990785609509318377e-01 1.008655684572963729e+00
-1.809293733500547674e-01 9.991809433758811476e-01 1.008212653553451910e+00
-1.699639567833850506e-01 9.992772841424819585e-01 1.007763254107741258e+00
-1.589985402167144457e-01 9.993675867430067417e-01 1.007307509581576221e+00
-1.480331236500447289e-01 9.994518544489143785e-01 1.006845443090602865e+00
-1.370677070833750122e-01 9.995300903113448765e-01 1.006377077521471541e+00
-1.261022905167044073e-01 9.996022971615812214e-01 1.005902435532935346e+00
-1.151368739500346905e-01 9.996684776114768134e-01 1.005421539556818677e+00
-1.041714573833649737e-01 9.997286340538499294e-01 1.004934411799088378e+00
-9.320604081669525698e-02 9.997827686628451005e-01 1.004441074240724374e+00
-8.224062425002465204e-02 9.998308833942600726e-01 1.003941548638761949e+00
-7.127520768335493528e-02 9.998729799858414591e-01 1.003435856527067127e+00
-6.030979111668521853e-02 9.999090599575458649e-01 1.002924019217278806e+00
-4.934437455001461359e-02 9.999391246117690368e-01 1.002406057799607231e+00
-3.837895798334489683e-02 9.999631750335412628e-01 1.001881993143602267e+00
-2.741354141667518007e-02 9.999812120906915736e-01 1.001351845898965198e+00
-1.644812485000457514e-02 9.999932364339771951e-01 1.000815636496220407e+00
-5.482708283334858379e-03 9.999992484971822471e-01 1.000273385147443683e+00
5.482708283334858379e-03 9.999992484971822471e-01 9.997251118469206999e-01
1.644812485000546332e-02 9.999932364339771951e-01 9.991708363717339836e-01
2.741354141667518007e-02 9.999812120906915736e-01 9.986105782824178378e-01
3.837895798334489683e-02 9.999631750335412628e-01 9.980443569234802581e-01
4.934437455001550177e-02 9.999391246117690368e-01 9.974721914239309539e-01
6.030979111668521853e-02 9.999090599575458649e-01 9.968941006978129238e-01
7.127520768335493528e-02 9.998729799858414591e-01 9.963101034446159021e-01
8.224062425002465204e-02 9.998308833942600726e-01 9.957202181497580851e-01
9.320604081669525698e-02 9.997827686628451005e-01 9.951244630849658268e-01
1.041714573833649737e-01 9.997286340538499294e-01 9.945228563086114804e-01
1.151368739500346905e-01 9.996684776114768134e-01 9.939154156661279549e-01
1.261022905167052954e-01 9.996022971615812214e-01 9.933021587902270966e-01
1.370677070833750122e-01 9.995300903113448765e-01 9.926831031012111062e-01
1.480331236500447289e-01 9.994518544489143785e-01 9.920582658072260029e-01
1.589985402167153339e-01 9.993675867430067417e-01 9.914276639044371509e-01
1.699639567833850506e-01 9.992772841424819585e-01 9.907913141772226595e-01
1.809293733500547674e-01 9.991809433758811476e-01 9.901492331983103856e-01
1.918947899167253723e-01 9.990785609509318377e-01 9.895014373288998355e-01
2.028602064833950891e-01 9.989701331540185025e-01 9.888479427187373272e-01
2.138256230500648059e-01 9.988556560496194558e-01 9.881887653061197652e-01
2.247910396167345226e-01 9.987351254797093292e-01 9.875239208179973360e-01
2.357564561834051275e-01 9.986085370631272440e-01 9.868534247698571571e-01
2.467218727500748443e-01 9.984758861949094566e-01 9.861772924657287165e-01
2.576872893167445611e-01 9.983371680455884745e-01 9.854955389981002734e-01
2.686527058834151660e-01 9.981923775604554239e-01 9.848081792477746399e-01
2.796181224500848828e-01 9.980415094587883340e-01 9.841152278837095313e-01
2.905835390167545995e-01 9.978845582330432284e-01 9.834166993628896680e-01
3.015489555834252045e-01 9.977215181480111328e-01 9.827126079300809725e-01
3.125143721500949212e-01 9.975523832399367796e-01 9.820029676175118238e-01
3.234797887167646380e-01 9.973771473156024525e-01 9.812877922446926471e-01
3.344452052834352429e-01 9.971958039513735272e-01 9.805670954180591981e-01
3.454106218501049597e-01 9.970083464922078198e-01 9.798408905305715511e-01
3.563760384167746764e-01 9.968147680506265207e-01 9.791091907613946876e-01
3.673414549834452814e-01 9.966150615056480477e-01 9.783720090754713938e-01
3.783068715501149981e-01 9.964092195016830411e-01 9.776293582229902412e-01
3.892722881167847149e-01 9.961972344473902785e-01 9.768812507389579292e-01
4.002377046834544316e-01 9.959790985144945097e-01 9.761276989426698192e-01
4.112031212501250366e-01 9.957548036365637678e-01 9.753687149371457199e-01
4.221685378167947533e-01 9.955243415077473790e-01 9.746043106084729679e-01
4.331339543834644701e-01 9.952877035814733375e-01 9.738344976252579777e-01
4.440993709501350750e-01 9.950448810691043811e-01 9.730592874378743984e-01
4.550647875168047918e-01 9.947958649385536534e-01 9.722786912778015322e-01
4.660302040834745085e-01 9.945406459128576238e-01 9.714927201568727133e-01
4.769956206501451135e-01 9.942792144687070399e-01 9.707013848664628464e-01
4.879610372168148302e-01 9.940115608349349152e-01 9.699046959766727261e-01
4.989264537834845470e-01 9.937376749909611062e-01 9.691026638354818257e-01
5.098918703501551519e-01 9.934575466651928144e-01 9.682952985678511260e-01
5.208572869168248687e-01 9.931711653333804568e-01 9.674826100747488944e-01
5.318227034834945854e-01 9.928785202169285729e-01 9.666646080321984469e-01
5.427881200501643022e-01 9.925796002811604346e-01 9.658413018902229918e-01
5.537535366168349071e-01 9.922743942335365830e-01 9.650127008718358823e-01
5.647189531835046239e-01 9.919628905218261794e-01 9.641788139718956430e-01
5.756843697501743407e-01 9.916450773322306178e-01 9.633396499559544468e-01
5.866497863168449456e-01 9.913209425874580649e-01 9.624952173591110327e-01
5.976152028835146623e-01 9.909904739447495947e-01 9.616455244847225137e-01
6.085806194501843791e-01 9.906536587938549188e-01 9.607905794031850188e-01
6.195460360168549840e-01 9.903104842549572684e-01 9.599303899505551296e-01
6.305114525835247008e-01 9.899609371765466515e-01 9.590649637272432582e-01
6.414768691501944176e-01 9.896050041332417058e-01 9.581943080965571458e-01
6.524422857168650225e-01 9.892426714235567076e-01 9.573184301832660115e-01
6.634077022835347393e-01 9.888739250676161774e-01 9.564373368720989754e-01
6.743731188502044560e-01 9.884987508048137528e-01 9.555510348061997394e-01
6.853385354168750609e-01 9.881171340914147727e-01 9.546595303854694681e-01
6.963039519835447777e-01 9.877290600981032398e-01 9.537628297649863862e-01
7.072693685502144945e-01 9.873345137074701627e-01 9.528609388533164637e-01
7.182347851168842112e-01 9.869334795114433900e-01 9.519538633106784387e-01
7.292002016835548162e-01 9.865259418086576026e-01 9.510416085472215286e-01
7.401656182502245329e-01 9.861118846017640216e-01 9.501241797211213980e-01
7.511310348168942497e-01 9.856912915946771658e-01 9.492015817367216446e-01
7.620964513835648546e-01 9.852641461897596598e-01 9.482738192425326229e-01
7.730618679502345714e-01 9.848304314849426477e-01 9.473408966292269362e-01
7.840272845169042881e-01 9.843901302707802614e-01 9.464028180275599889e-01
7.949927010835748931e-01 9.839432250274382508e-01 9.454595873062657807e-01
8.059581176502446098e-01 9.834896979216146695e-01 9.445112080698490065e-01
8.169235342169143266e-01 9.830295308033916157e-01 9.435576836563352998e-01
8.278889507835849315e-01 9.825627052030161401e-01 9.425990171349677427e-01
8.388543673502546483e-01 9.820892023276101002e-01 9.416352113038406468e-01
8.498197839169243650e-01 9.816090030578062953e-01 9.406662686874827095e-01
8.607852004835940818e-01 9.811220879443108833e-01 9.396921915343426912e-01
8.717506170502646867e-01 9.806284372043888586e-01 9.387129818142285753e-01
8.827160336169344035e-01 9.801280307182729246e-01 9.377286412156866646e-01
8.936814501836041202e-01 9.796208480254925410e-01 9.367391711433327162e-01
9.046468667502747252e-01 9.791068683211230361e-01 9.357445727150742742e-01
9.156122833169444419e-01 9.785860704519518949e-01 9.347448467592194277e-01
9.265776998836141587e-01 9.780584329125612264e-01 9.337399938117030285e-01
9.375431164502847636e-01 9.775239338413249657e-01 9.327300141129891697e-01
9.485085330169544804e-01 9.769825510163177018e-01 9.317149076050641465e-01
9.594739495836241971e-01 9.764342618511352434e-01 9.306946739283455949e-01
9.704393661502948021e-01 9.758790433906228134e-01 9.296693124184272072e-01
9.814047827169645188e-01 9.753168723065113177e-01 9.286388221028104573e-01
9.923701992836342356e-01 9.747477248929575788e-01 9.276032016975498395e-01
1.003335615850304841e+00 9.741715770619873149e-01 9.265624496038190605e-01
1.014301032416974557e+00 9.735884043388401965e-01 9.255165639043334558e-01
1.025266448983644274e+00 9.729981818572107644e-01 9.244655423597568644e-01
1.036231865550313991e+00 9.724008843543888725e-01 9.234093824050297883e-01
1.047197282116984596e+00 9.717964861662911069e-01 9.223480811455411210e-01
1.058162698683654313e+00 9.711849612223861783e-01 9.212816353532031766e-01
1.069128115250324029e+00 9.705662830405075159e-01 9.202100414625684621e-01
1.080093531816994634e+00 9.699404247215542840e-01 9.191332955666718929e-01
1.091058948383664351e+00 9.693073589440750482e-01 9.180513934128355924e-01
1.102024364950334068e+00 9.686670579587337571e-01 9.169643303985087757e-01
1.112989781517004673e+00 9.680194935826539337e-01 9.158721015667889986e-01
1.123955198083674389e+00 9.673646371936391875e-01 9.147747016019176503e-01
1.134920614650344106e+00 9.667024597242658279e-01 9.136721248247852145e-01
1.145886031217014711e+00 9.660329316558466939e-01 9.125643651881694129e-01
1.156851447783684428e+00 9.653560230122607555e-01 9.114514162718860835e-01
1.167816864350354145e+00 9.646717033536469366e-01 9.103332712779497182e-01
1.178782280917024750e+00 9.639799417699586037e-01 9.092099230254457876e-01
1.189747697483694466e+00 9.632807068743749479e-01 9.080813639453676478e-01
1.200713114050364183e+00 9.625739667965655944e-01 9.069475860753652974e-01
1.211678530617033900e+00 9.618596891758058876e-01 9.058085810542851890e-01
1.222643947183704505e+00 9.611378411539387434e-01 9.046643401166458709e-01
1.233609363750374222e+00 9.604083893681784057e-01 9.035148540868978007e-01
1.244574780317043938e+00 9.596712999437532199e-01 9.023601133736597335e-01
1.255540196883714543e+00 9.589265384863830954e-01 9.012001079637332879e-01
1.266505613450384260e+00 9.581740700745878803e-01 9.000348274159748474e-01
1.277471030017053977e+00 9.574138592518213198e-01 8.988642608550894142e-01
1.288436446583724582e+00 9.566458700184272690e-01 8.976883969651686668e-01
1.299401863150394298e+00 9.558700658234131620e-01 8.965072239831421985e-01
1.310367279717064015e+00 9.550864095560358535e-01 8.953207296920990821e-01
1.321332696283734620e+00 9.542948635371956145e-01 8.941289014143524172e-01
1.332298112850404337e+00 9.534953895106326183e-01 8.929317260043956317e-01
1.343263529417074054e+00 9.526879486339208114e-01 8.917291898417180063e-01
1.354228945983743770e+00 9.518725014692548392e-01 8.905212788233383137e-01
1.365194362550414375e+00 9.510490079740226976e-01 8.893079783562847229e-01
1.376159779117084092e+00 9.502174274911607821e-01 8.880892733497995906e-01
1.387125195683753809e+00 9.493777187392832273e-01 8.868651482073430792e-01
1.398090612250424414e+00 9.485298398025805433e-01 8.856355868185084024e-01
1.409056028817094131e+00 9.476737481204823288e-01 8.844005725506000060e-01
1.420021445383763847e+00 9.468094004770749583e-01 8.831600882401172692e-01
1.430986861950434452e+00 9.459367529902709126e-01 8.819141161839456622e-01
1.441952278517104169e+00 9.450557611007195380e-01 8.806626381303200857e-01
1.452917695083773886e+00 9.441663795604547937e-01 8.794056352697147139e-01
1.463883111650444491e+00 9.432685624212717723e-01 8.781430882252849734e-01
1.474848528217114207e+00 9.423622630228234431e-01 8.768749770431836232e-01
1.485813944783783924e+00 9.414474339804305147e-01 8.756012811826849873e-01
1.496779361350454529e+00 9.405240271725978651e-01 8.743219795059324895e-01
1.507744777917124246e+00 9.395919937282258827e-01 8.730370502675300903e-01
1.518710194483793963e+00 9.386512840135112778e-01 8.717464711037899994e-01
1.529675611050463679e+00 9.377018476185253748e-01 8.704502190217672242e-01
1.540641027617134284e+00 9.367436333434639995e-01 8.691482703879964689e-01
1.551606444183804001e+00 9.357765891845565287e-01 8.678406009168839752e-01
1.562571860750473718e+00 9.348006623196252196e-01 8.665271856589091826e-01
1.573537277317144323e+00 9.338157990932844932e-01 8.652079989883878497e-01
1.584502693883814040e+00 9.328219450017702918e-01 8.638830145910273428e-01
1.595468110450483756e+00 9.318190446773868540e-01 8.625522054510839087e-01
1.606433527017154361e+00 9.308070418725604700e-01 8.612155438382480543e-01
1.617398943583824078e+00 9.297858794434894492e-01 8.598730012941049328e-01
1.628364360150493795e+00 9.287554993333753117e-01 8.585245486182800922e-01
1.639329776717164400e+00 9.277158425552247678e-01 8.571701558542310639e-01
1.650295193283834116e+00 9.266668491742096059e-01 8.558097922746319419e-01
1.661260609850503833e+00 9.256084582895682811e-01 8.544434263663714946e-01
1.672226026417173550e+00 9.245406080160377682e-01 8.530710258151510406e-01
1.683191442983844155e+00 9.234632354647999142e-01 8.516925574896636597e-01
1.694156859550513872e+00 9.223762767239269689e-01 8.503079874253300918e-01
1.705122276117183588e+00 9.212796668383103071e-01 8.489172808076188570e-01
1.716087692683854193e+00 9.201733397890570210e-01 8.475204019548648882e-01
1.727053109250523910e+00 9.190572284723363961e-01 8.461173143006784914e-01
1.738018525817193627e+00 9.179312646776589535e-01 8.447079803757850947e-01
1.748983942383864232e+00 9.167953790655697377e-01 8.432923617894549917e-01
1.759949358950533949e+00 9.156495011447376431e-01 8.418704192102880457e-01
1.770914775517203665e+00 9.144935592484187969e-01 8.404421123465822818e-01
1.781880192083874270e+00 9.133274805102759020e-01 8.390073999260920790e-01
1.792845608650543987e+00 9.121511908395322221e-01 8.375662396751566430e-01
1.803811025217213704e+00 9.109646148954344547e-01 8.361185882973807271e-01
1.814776441783884309e+00 9.097676760610070579e-01 8.346644014515459675e-01
1.825741858350554025e+00 9.085602964160698347e-01 8.332036337289417949e-01
1.836707274917223742e+00 9.073423967094942366e-01 8.317362386300832799e-01
1.847672691483893459e+00 9.061138963306756278e-01 8.302621685406865737e-01
1.858638108050564064e+00 9.048747132801904236e-01 8.287813747069643355e-01
1.869603524617233781e+00 9.036247641396131236e-01 8.272938072102231644e-01
1.880568941183903497e+00 9.023639640404624851e-01 8.257994149406240325e-01
1.891534357750574102e+00 9.010922266322464180e-01 8.242981455702534932e-01
1.902499774317243819e+00 8.998094640495758467e-01 8.227899455253260275e-01
1.913465190883913536e+00 8.985155868783104571e-01 8.212747599575762614e-01
1.924430607450584141e+00 8.972105041207071308e-01 8.197525327147746621e-01
1.935396024017253858e+00 8.958941231595313193e-01 8.182232063103135333e-01
1.946361440583923574e+00 8.945663497210945003e-01 8.166867218919343641e-01
1.957326857150594179e+00 8.932270878371815215e-01 8.151430192094233362e-01
1.968292273717263896e+00 8.918762398058232010e-01 8.135920365813001931e-01
1.979257690283933613e+00 8.905137061508748841e-01 8.120337108605236720e-01
1.990223106850603330e+00 8.891393855803545465e-01 8.104679773990339786e-01
2.001188523417273935e+00 8.877531749434960373e-01 8.088947700113038319e-01
2.012153939983943651e+00 8.863549691864683888e-01 8.073140209365626818e-01
2.023119356550613368e+00 8.849446613067092349e-01 8.057256607999316866e-01
2.034084773117283973e+00 8.835221423058223778e-01 8.041296185722817125e-01
2.045050189683953690e+00 8.820873011409837705e-01 8.025258215287442987e-01
2.056015606250623406e+00 8.806400246747951854e-01 8.009141952059199987e-01
2.066981022817294011e+00 8.791801976235300575e-01 7.992946633576747395e-01
2.077946439383963728e+00 8.777077025037064439e-01 7.976671479094075146e-01
2.088911855950633445e+00 8.762224195769185986e-01 7.960315689108921067e-01
2.099877272517304050e+00 8.747242267928631021e-01 7.943878444874775679e-01
2.110842689083973767e+00 8.732129997304838298e-01 7.927358907896353557e-01
2.121808105650643483e+00 8.716886115371602628e-01 7.910756219408618950e-01
2.132773522217314088e+00 8.701509328658619813e-01 7.894069499836998682e-01
2.143738938783983805e+00 8.685998318101831872e-01 7.877297848239466216e-01
2.154704355350653522e+00 8.670351738371727679e-01 7.860440341729645342e-01
2.165669771917323239e+00 8.654568217178668643e-01 7.843496034879220424e-01
2.176635188483993844e+00 8.638646354554284645e-01 7.826463959099436707e-01
2.187600605050663560e+00 8.622584722107943245e-01 7.809343122000720339e-01
2.198566021617333277e+00 8.606381862257206361e-01 7.792132506729655406e-01
2.209531438184003882e+00 8.590036287431198625e-01 7.774831071281818051e-01
2.220496854750673599e+00 8.573546479245710561e-01 7.757437747789722726e-01
2.231462271317343316e+00 8.556910887648782049e-01 7.739951441785021258e-01
2.242427687884013920e+00 8.540127930035519288e-01 7.722371031433432620e-01
2.253393104450683637e+00 8.523195990330769689e-01 7.704695366741347584e-01
2.264358521017353354e+00 8.506113418038213636e-01 7.686923268732981374e-01
2.275323937584023959e+00 8.488878527254392070e-01 7.669053528596151414e-01
2.286289354150693676e+00 8.471489595646083393e-01 7.651084906795913021e-01
2.297254770717363392e+00 8.453944863389345477e-01 7.633016132154830657e-01
2.308220187284033109e+00 8.436242532068493061e-01 7.614845900897123654e-01
2.319185603850703714e+00 8.418380763533126476e-01 7.596572875655757118e-01
2.330151020417373431e+00 8.400357678711292131e-01 7.578195684441337843e-01
2.341116436984043148e+00 8.382171356376675320e-01 7.559712919569808731e-01
2.352081853550713753e+00 8.363819831867667087e-01 7.541123136547390748e-01
2.363047270117383469e+00 8.345301095756016974e-01 7.522424852911238080e-01
2.374012686684053186e+00 8.326613092462596954e-01 7.503616547023274075e-01
2.384978103250723791e+00 8.307753718817760813e-01 7.484696656814315840e-01
2.395943519817393508e+00 8.288720822563537816e-01 7.465663578477057527e-01
2.406908936384063225e+00 8.269512200794794099e-01 7.446515665104693760e-01
2.417874352950733829e+00 8.250125598336325305e-01 7.427251225272601953e-01
2.428839769517403546e+00 8.230558706052647500e-01 7.407868521560102559e-01
2.439805186084073263e+00 8.210809159087044673e-01 7.388365769009800355e-01
2.450770602650743868e+00 8.190874535026289038e-01 7.368741133519951525e-01
2.461736019217413585e+00 8.170752351987138340e-01 7.348992730167774878e-01
2.472701435784083301e+00 8.150440066620554536e-01 7.329118621459413951e-01
2.483666852350753018e+00 8.129935072029291776e-01 7.309116815502292308e-01
2.494632268917423623e+00 8.109234695594248477e-01 7.288985264096858874e-01
2.505597685484093340e+00 8.088336196704684067e-01 7.268721860741510499e-01
2.516563102050763057e+00 8.067236764387060166e-01 7.248324438548022774e-01
2.527528518617432773e+00 8.045933514826985045e-01 7.227790768060616822e-01
2.538493935184104267e+00 8.024423488778325009e-01 7.207118554975103786e-01
2.549459351750773983e+00 8.002703648853205509e-01 7.186305437750643010e-01
2.560424768317443700e+00 7.980770876686120729e-01 7.165348985109296631e-01
2.571390184884113417e+00 7.958621969965056220e-01 7.144246693416469451e-01
2.582355601450783134e+00 7.936253639321901865e-01 7.122995983935425102e-01
2.593321018017452850e+00 7.913662505074008369e-01 7.101594199948304542e-01
2.604286434584122567e+00 7.890845093808112054e-01 7.080038603735483438e-01
2.615251851150794060e+00 7.867797834797268797e-01 7.058326373405707788e-01
2.626217267717463777e+00 7.844517056240802866e-01 7.036454599567050217e-01
2.637182684284133494e+00 7.820998981316461540e-01 7.014420281829013559e-01
2.648148100850803210e+00 7.797239724033335762e-01 6.992220325125843017e-01
2.659113517417472927e+00 7.773235284873134532e-01 6.969851535849532764e-01
2.670078933984142644e+00 7.748981546206563653e-01 6.947310617780506625e-01
2.681044350550814137e+00 7.724474267470543554e-01 6.924594167802730071e-01
2.692009767117483854e+00 7.699709080090939572e-01 6.901698671389885353e-01
2.702975183684153571e+00 7.674681482134253496e-01 6.878620497847477422e-01
2.713940600250823287e+00 7.649386832670558301e-01 6.855355895294019675e-01
2.724906016817493004e+00 7.623820345828441480e-01 6.831900985364811607e-01
2.735871433384162721e+00 7.597977084521296831e-01 6.808251757618826172e-01
2.746836849950832438e+00 7.571851953822603676e-01 6.784404063628791670e-01
2.757802266517503931e+00 7.545439693966041750e-01 6.760353610731784091e-01
2.768767683084173648e+00 7.518734872944304870e-01 6.736095955417465975e-01
2.779733099650843364e+00 7.491731878678271617e-01 6.711626496327141034e-01
2.790698516217513081e+00 7.464424910725885320e-01 6.686940466836374108e-01
2.801663932784182798e+00 7.436807971497414460e-01 6.662032927190544296e-01
2.812629349350852515e+00 7.408874856940899090e-01 6.636898756159870238e-01
2.823594765917524008e+00 7.380619146658460306e-01 6.611532642178534758e-01
2.834560182484193724e+00 7.352034193410654783e-01 6.585929073928620259e-01
2.845525599050863441e+00 7.323113111962142874e-01 6.560082330325609501e-01
2.856491015617533158e+00 7.293848767217827600e-01 6.533986469859746071e-01
2.867456432184202875e+00 7.264233761593787975e-01 6.507635319241414917e-01
2.878421848750872591e+00 7.234260421562204169e-01 6.481022461295502524e-01
2.889387265317542308e+00 7.203920783303676689e-01 6.454141222043154880e-01
2.900352681884213801e+00 7.173206577393909100e-01 6.426984656904254356e-01
2.911318098450883518e+00 7.142109212444684996e-01 6.399545535947283037e-01
2.922283515017553235e+00 7.110619757610918690e-01 6.371816328104641380e-01
2.933248931584222952e+00 7.078728923866979272e-01 6.343789184265925529e-01
2.944214348150892668e+00 7.046427043945321378e-01 6.315455919149561836e-01
2.955179764717562385e+00 7.013704050819512537e-01 6.286807991844807209e-01
2.966145181284233878e+00 6.980549454601252535e-01 6.257836484904354402e-01
2.977110597850903595e+00 6.946952317707063562e-01 6.228532081854102342e-01
2.988076014417573312e+00 6.912901228134484821e-01 6.198885042972941406e-01
2.999041430984243028e+00 6.878384270670093725e-01 6.168885179178629219e-01
3.010006847550912745e+00 6.843388995831448662e-01 6.138521823836985414e-01
3.020972264117582462e+00 6.807902386322520760e-01 6.107783802291245623e-01
3.031937680684252179e+00 6.771910820756456006e-01 6.076659398884094454e-01
3.042903097250923672e+00 6.735400034370314648e-01 6.045136321218010922e-01
3.053868513817593389e+00 6.698355076423229137e-01 6.013201661368439144e-01
3.064833930384263105e+00 6.660760263931326808e-01 5.980841853729210733e-01
3.075799346950932822e+00 6.622599131349583557e-01 5.948042629129576264e-01
3.086764763517602539e+00 6.583854375760745947e-01 5.914788964814899908e-01
3.097730180084272256e+00 6.544507797074304856e-01 5.881065029830694346e-01
3.108695596650943749e+00 6.504540232672492150e-01 5.846854125287880288e-01
3.119661013217613466e+00 6.463931485863989579e-01 5.812138618915811961e-01
3.130626429784283182e+00 6.422660247417482093e-01 5.776899873227198112e-01
3.141591846350952899e+00 6.380704009344606575e-01 5.741118166523455635e-01
3.152557262917622616e+00 6.338038969981738546e-01 5.704772605856440748e-01
3.163522679484292333e+00 6.294639929279981505e-01 5.667841030932190272e-01
3.174488096050963826e+00 6.250480173048135191e-01 5.630299907787607028e-01
3.185453512617633542e+00 6.205531344699644070e-01 5.592124210890548897e-01
3.196418929184303259e+00 6.159763302825461695e-01 5.553287292098889605e-01
3.207384345750972976e+00 6.113143962643305951e-01 5.513760734659589602e-01
3.218349762317642693e+00 6.065639119050061367e-01 5.473514190125844392e-01
3.229315178884312409e+00 6.017212248617431758e-01 5.432515195707302569e-01
3.240280595450982126e+00 5.967824287406382489e-01 5.390728969132435600e-01
3.251246012017653619e+00 5.917433380915587682e-01 5.348118177575424959e-01
3.262211428584323336e+00 5.865994601799978669e-01 5.304642676562132397e-01
3.273176845150993053e+00 5.813459630168208436e-01 5.260259213990824412e-01
3.284142261717662770e+00 5.759776390255153533e-01 5.214921093450374245e-01
3.295107678284332486e+00 5.704888636018344839e-01 5.168577789843507020e-01
3.306073094851002203e+00 5.648735476662950505e-01 5.121174508866425112e-01
3.317038511417673696e+00 5.591250831175454961e-01 5.072651680080573211e-01
3.328003927984343413e+00 5.532362798532581838e-01 5.022944371032825872e-01
3.338969344551013130e+00 5.471992927203229717e-01 4.971981606998580050e-01
3.349934761117682847e+00 5.410055363682744201e-01 4.919685577253807285e-01
3.360900177684352563e+00 5.346455854824302412e-01 4.865970704072181130e-01
3.371865594251022280e+00 5.281090572299661501e-01 4.810742544547235711e-01
3.382831010817691997e+00 5.213844719127137539e-01 4.753896487377318181e-01
3.393796427384363490e+00 5.144590867144905877e-01 4.695316196250096663e-01
3.404761843951033207e+00 5.073186959583423361e-01 4.634871737468307384e-01
3.415727260517702923e+00 4.999473893067136188e-01 4.572417310597157170e-01
3.426692677084372640e+00 4.923272566361842628e-01 4.507788475182185062e-01
3.437658093651042357e+00 4.844380245882783931e-01 4.440798731014030665e-01
3.448623510217712074e+00 4.762566045729668129e-01 4.371235259526974337e-01
3.459588926784383567e+00 4.677565245669070837e-01 4.298853562836563724e-01
3.470554343351053284e+00 4.589072062857073586e-01 4.223370633873027580e-01
3.481519759917723000e+00 4.496730334288081554e-01 4.144456138786672961e-01
3.492485176484392717e+00 4.400121327624786916e-01 4.061720862927208908e-01
3.503450593051062434e+00 4.298747528748874114e-01 3.974701316337295731e-01
3.514416009617732151e+00 4.192010669125262878e-01 3.882838830441638356e-01
3.525381426184401867e+00 4.079181300261226495e-01 3.785450554015540314e-01
3.536346842751073360e+00 3.959355606773198311e-01 3.681688191223296824e-01
3.547312259317743077e+00 3.831392307098028249e-01 3.570477562675162253e-01
3.558277675884412794e+00 3.693817251552004577e-01 3.450426961778692014e-01
3.569243092451082511e+00 3.544673119743806944e-01 3.319682282364536663e-01
3.580208509017752228e+00 3.381270352078036279e-01 3.175685951132917739e-01
3.591173925584421944e+00 3.199747301503464980e-01 3.014748929050089510e-01
3.602139342151093437e+00 2.994226376275204715e-01 2.831223459652670860e-01
3.613104758717763154e+00 2.755001375261768026e-01 2.615705136418005616e-01
3.624070175284432871e+00 2.463943942710692114e-01 2.350370177122627080e-01
3.635035591851102588e+00 2.079214327294874598e-01 1.992155678474809011e-01
3.646001008417772304e+00 1.442369506820672387e-01 1.401334901735037941e-01
3.656966424984442021e+00 0.000000000000000000e+00 0.000000000000000000e+00
3.667931841551111738e+00 0.000000000000000000e+00 0.000000000000000000e+00
3.678897258117783231e+00 0.000000000000000000e+00 0.000000000000000000e+00
3.689862674684452948e+00 0.000000000000000000e+00 0.000000000000000000e+00
3.700828091251122665e+00 0.000000000000000000e+00 0.000000000000000000e+00
3.711793507817792381e+00 0.000000000000000000e+00 0.000000000000000000e+00
3.722758924384462098e+00 0.000000000000000000e+00 0.000000000000000000e+00
3.733724340951131815e+00 0.000000000000000000e+00 0.000000000000000000e+00
3.744689757517803308e+00 0.000000000000000000e+00 0.000000000000000000e+00
3.755655174084473025e+00 0.000000000000000000e+00 0.000000000000000000e+00
3.766620590651142741e+00 0.000000000000000000e+00 0.000000000000000000e+00
3.777586007217812458e+00 0.000000000000000000e+00 0.000000000000000000e+00
3.788551423784482175e+00 0.000000000000000000e+00 0.000000000000000000e+00
3.799516840351151892e+00 0.000000000000000000e+00 0.000000000000000000e+00
3.810482256917823385e+00 0.000000000000000000e+00 0.000000000000000000e+00
3.821447673484493102e+00 0.000000000000000000e+00 0.000000000000000000e+00
3.832413090051162818e+00 0.000000000000000000e+00 0.000000000000000000e+00
3.843378506617832535e+00 0.000000000000000000e+00 0.000000000000000000e+00
3.854343923184502252e+00 0.000000000000000000e+00 0.000000000000000000e+00
3.865309339751171969e+00 0.000000000000000000e+00 0.000000000000000000e+00
3.876274756317841685e+00 0.000000000000000000e+00 0.000000000000000000e+00
3.887240172884513179e+00 0.000000000000000000e+00 0.000000000000000000e+00
3.898205589451182895e+00 0.000000000000000000e+00 0.000000000000000000e+00
3.909171006017852612e+00 0.000000000000000000e+00 0.000000000000000000e+00
3.920136422584522329e+00 0.000000000000000000e+00 0.000000000000000000e+00
3.931101839151192046e+00 0.000000000000000000e+00 0.000000000000000000e+00
3.942067255717861762e+00 0.000000000000000000e+00 0.000000000000000000e+00
3.953032672284533255e+00 0.000000000000000000e+00 0.000000000000000000e+00
3.963998088851202972e+00 0.000000000000000000e+00 0.000000000000000000e+00
3.974963505417872689e+00 0.000000000000000000e+00 0.000000000000000000e+00
3.985928921984542406e+00 0.000000000000000000e+00 0.000000000000000000e+00
3.996894338551212122e+00 0.000000000000000000e+00 0.000000000000000000e+00
4.007859755117881839e+00 0.000000000000000000e+00 0.000000000000000000e+00
4.018825171684551556e+00 0.000000000000000000e+00 0.000000000000000000e+00
4.029790588251223049e+00 0.000000000000000000e+00 0.000000000000000000e+00
4.040756004817892766e+00 0.000000000000000000e+00 0.000000000000000000e+00
4.051721421384562483e+00 0.000000000000000000e+00 0.000000000000000000e+00
4.062686837951232199e+00 0.000000000000000000e+00 0.000000000000000000e+00
4.073652254517901916e+00 0.000000000000000000e+00 0.000000000000000000e+00
4.084617671084571633e+00 0.000000000000000000e+00 0.000000000000000000e+00
4.095583087651243126e+00 0.000000000000000000e+00 0.000000000000000000e+00
4.106548504217912843e+00 0.000000000000000000e+00 0.000000000000000000e+00
4.117513920784582560e+00 0.000000000000000000e+00 0.000000000000000000e+00
4.128479337351252276e+00 0.000000000000000000e+00 0.000000000000000000e+00
4.139444753917921993e+00 0.000000000000000000e+00 0.000000000000000000e+00
4.150410170484591710e+00 0.000000000000000000e+00 0.000000000000000000e+00
4.161375587051261427e+00 0.000000000000000000e+00 0.000000000000000000e+00
4.172341003617932920e+00 0.000000000000000000e+00 0.000000000000000000e+00
4.183306420184602636e+00 0.000000000000000000e+00 0.000000000000000000e+00
4.194271836751272353e+00 0.000000000000000000e+00 0.000000000000000000e+00
4.205237253317942070e+00 0.000000000000000000e+00 0.000000000000000000e+00
4.216202669884611787e+00 0.000000000000000000e+00 0.000000000000000000e+00
4.227168086451281503e+00 0.000000000000000000e+00 0.000000000000000000e+00
4.238133503017952997e+00 0.000000000000000000e+00 0.000000000000000000e+00
4.249098919584622713e+00 0.000000000000000000e+00 0.000000000000000000e+00
4.260064336151292430e+00 0.000000000000000000e+00 0.000000000000000000e+00
4.271029752717962147e+00 0.000000000000000000e+00 0.000000000000000000e+00
4.281995169284631864e+00 0.000000000000000000e+00 0.000000000000000000e+00
4.292960585851301580e+00 0.000000000000000000e+00 0.000000000000000000e+00
4.303926002417973073e+00 0.000000000000000000e+00 0.000000000000000000e+00
4.314891418984642790e+00 0.000000000000000000e+00 0.000000000000000000e+00
4.325856835551312507e+00 0.000000000000000000e+00 0.000000000000000000e+00
4.336822252117982224e+00 0.000000000000000000e+00 0.000000000000000000e+00
4.347787668684651941e+00 0.000000000000000000e+00 0.000000000000000000e+00
4.358753085251321657e+00 0.000000000000000000e+00 0.000000000000000000e+00
4.369718501817991374e+00 0.000000000000000000e+00 0.000000000000000000e+00
4.380683918384662867e+00 0.000000000000000000e+00 0.000000000000000000e+00
4.391649334951332584e+00 0.000000000000000000e+00 0.000000000000000000e+00
4.402614751518002301e+00 0.000000000000000000e+00 0.000000000000000000e+00
4.413580168084672017e+00 0.000000000000000000e+00 0.000000000000000000e+00
4.424545584651341734e+00 0.000000000000000000e+00 0.000000000000000000e+00
4.435511001218011451e+00 0.000000000000000000e+00 0.000000000000000000e+00
4.446476417784682944e+00 0.000000000000000000e+00 0.000000000000000000e+00
4.457441834351352661e+00 0.000000000000000000e+00 0.000000000000000000e+00
4.468407250918022378e+00 0.000000000000000000e+00 0.000000000000000000e+00
4.479372667484692094e+00 0.000000000000000000e+00 0.000000000000000000e+00
4.490338084051361811e+00 0.000000000000000000e+00 0.000000000000000000e+00
4.501303500618031528e+00 0.000000000000000000e+00 0.000000000000000000e+00
4.512268917184701245e+00 0.000000000000000000e+00 0.000000000000000000e+00
4.523234333751372738e+00 0.000000000000000000e+00 0.000000000000000000e+00
4.534199750318042454e+00 0.000000000000000000e+00 0.000000000000000000e+00
4.545165166884712171e+00 0.000000000000000000e+00 0.000000000000000000e+00
4.556130583451381888e+00 0.000000000000000000e+00 0.000000000000000000e+00
4.567096000018051605e+00 0.000000000000000000e+00 0.000000000000000000e+00
4.578061416584721321e+00 0.000000000000000000e+00 0.000000000000000000e+00
4.589026833151392815e+00 0.000000000000000000e+00 0.000000000000000000e+00
4.599992249718062531e+00 0.000000000000000000e+00 0.000000000000000000e+00
4.610957666284732248e+00 0.000000000000000000e+00 0.000000000000000000e+00
4.621923082851401965e+00 0.000000000000000000e+00 0.000000000000000000e+00
4.632888499418071682e+00 0.000000000000000000e+00 0.000000000000000000e+00
4.643853915984741398e+00 0.000000000000000000e+00 0.000000000000000000e+00
4.654819332551411115e+00 0.000000000000000000e+00 0.000000000000000000e+00
4.665784749118082608e+00 0.000000000000000000e+00 0.000000000000000000e+00
4.676750165684752325e+00 0.000000000000000000e+00 0.000000000000000000e+00
4.687715582251422042e+00 0.000000000000000000e+00 0.000000000000000000e+00
4.698680998818091759e+00 0.000000000000000000e+00 0.000000000000000000e+00
4.709646415384761475e+00 0.000000000000000000e+00 0.000000000000000000e+00
4.720611831951431192e+00 0.000000000000000000e+00 0.000000000000000000e+00
4.731577248518102685e+00 0.000000000000000000e+00 0.000000000000000000e+00
4.742542665084772402e+00 0.000000000000000000e+00 0.000000000000000000e+00
4.753508081651442119e+00 0.000000000000000000e+00 0.000000000000000000e+00
4.764473498218111835e+00 0.000000000000000000e+00 0.000000000000000000e+00
4.775438914784781552e+00 0.000000000000000000e+00 0.000000000000000000e+00
4.786404331351451269e+00 0.000000000000000000e+00 0.000000000000000000e+00
4.797369747918120986e+00 0.000000000000000000e+00 0.000000000000000000e+00
4.808335164484792479e+00 0.000000000000000000e+00 0.000000000000000000e+00
4.819300581051462196e+00 0.000000000000000000e+00 0.000000000000000000e+00
4.830265997618131912e+00 0.000000000000000000e+00 0.000000000000000000e+00
4.841231414184801629e+00 0.000000000000000000e+00 0.000000000000000000e+00
4.852196830751471346e+00 0.000000000000000000e+00 0.000000000000000000e+00
4.863162247318141063e+00 0.000000000000000000e+00 0.000000000000000000e+00
4.874127663884812556e+00 0.000000000000000000e+00 0.000000000000000000e+00
4.885093080451482273e+00 0.000000000000000000e+00 0.000000000000000000e+00
4.896058497018151989e+00 0.000000000000000000e+00 0.000000000000000000e+00
4.907023913584821706e+00 0.000000000000000000e+00 0.000000000000000000e+00
4.917989330151491423e+00 0.000000000000000000e+00 0.000000000000000000e+00
4.928954746718161140e+00 0.000000000000000000e+00 0.000000000000000000e+00
4.939920163284832633e+00 0.000000000000000000e+00 0.000000000000000000e+00
4.950885579851502349e+00 0.000000000000000000e+00 0.000000000000000000e+00
4.961850996418172066e+00 0.000000000000000000e+00 0.000000000000000000e+00
4.972816412984841783e+00 0.000000000000000000e+00 0.000000000000000000e+00
4.983781829551511500e+00 0.000000000000000000e+00 0.000000000000000000e+00
4.994747246118181216e+00 0.000000000000000000e+00 0.000000000000000000e+00
5.005712662684850933e+00 0.000000000000000000e+00 0.000000000000000000e+00
5.016678079251522426e+00 0.000000000000000000e+00 0.000000000000000000e+00
5.027643495818192143e+00 0.000000000000000000e+00 0.000000000000000000e+00
5.038608912384861860e+00 0.000000000000000000e+00 0.000000000000000000e+00
5.049574328951531577e+00 0.000000000000000000e+00 0.000000000000000000e+00
5.060539745518201293e+00 0.000000000000000000e+00 0.000000000000000000e+00
5.071505162084871010e+00 0.000000000000000000e+00 0.000000000000000000e+00
5.082470578651542503e+00 0.000000000000000000e+00 0.000000000000000000e+00
5.093435995218212220e+00 0.000000000000000000e+00 0.000000000000000000e+00
5.104401411784881937e+00 0.000000000000000000e+00 0.000000000000000000e+00
5.115366828351551653e+00 0.000000000000000000e+00 0.000000000000000000e+00
5.126332244918221370e+00 0.000000000000000000e+00 0.000000000000000000e+00
5.137297661484891087e+00 0.000000000000000000e+00 0.000000000000000000e+00
5.148263078051560804e+00 0.000000000000000000e+00 0.000000000000000000e+00
5.159228494618232297e+00 0.000000000000000000e+00 0.000000000000000000e+00
5.170193911184902014e+00 0.000000000000000000e+00 0.000000000000000000e+00
5.181159327751571730e+00 0.000000000000000000e+00 0.000000000000000000e+00
5.192124744318241447e+00 0.000000000000000000e+00 0.000000000000000000e+00
5.203090160884911164e+00 0.000000000000000000e+00 0.000000000000000000e+00
5.214055577451580881e+00 0.000000000000000000e+00 0.000000000000000000e+00
5.225020994018252374e+00 0.000000000000000000e+00 0.000000000000000000e+00
5.235986410584922091e+00 0.000000000000000000e+00 0.000000000000000000e+00
5.246951827151591807e+00 0.000000000000000000e+00 0.000000000000000000e+00
5.257917243718261524e+00 0.000000000000000000e+00 0.000000000000000000e+00
5.268882660284931241e+00 0.000000000000000000e+00 0.000000000000000000e+00
5.279848076851600958e+00 0.000000000000000000e+00 0.000000000000000000e+00
5.290813493418270674e+00 0.000000000000000000e+00 0.000000000000000000e+00
5.301778909984942167e+00 0.000000000000000000e+00 0.000000000000000000e+00
5.312744326551611884e+00 0.000000000000000000e+00 0.000000000000000000e+00
5.323709743118281601e+00 0.000000000000000000e+00 0.000000000000000000e+00
5.334675159684951318e+00 0.000000000000000000e+00 0.000000000000000000e+00
5.345640576251621034e+00 0.000000000000000000e+00 0.000000000000000000e+00
5.356605992818290751e+00 0.000000000000000000e+00 0.000000000000000000e+00
5.367571409384962244e+00 0.000000000000000000e+00 0.000000000000000000e+00
5.378536825951631961e+00 0.000000000000000000e+00 0.000000000000000000e+00
5.389502242518301678e+00 0.000000000000000000e+00 0.000000000000000000e+00
5.400467659084971395e+00 0.000000000000000000e+00 0.000000000000000000e+00
5.411433075651641111e+00 0.000000000000000000e+00 0.000000000000000000e+00
5.422398492218310828e+00 0.000000000000000000e+00 0.000000000000000000e+00
5.433363908784980545e+00 0.000000000000000000e+00 0.000000000000000000e+00
5.444329325351652038e+00 0.000000000000000000e+00 0.000000000000000000e+00
5.455294741918321755e+00 0.000000000000000000e+00 0.000000000000000000e+00
5.466260158484991472e+00 0.000000000000000000e+00 0.000000000000000000e+00
5.477225575051661188e+00 0.000000000000000000e+00 0.000000000000000000e+00
