# Traveling wave profile for m=2, c=1.0
# xi f residual
-5.196152422706632024e+00 0.000000000000000000e+00 0.000000000000000000e+00
-5.185749715153665562e+00 0.000000000000000000e+00 0.000000000000000000e+00
-5.175347007600699989e+00 0.000000000000000000e+00 0.000000000000000000e+00
-5.164944300047733527e+00 0.000000000000000000e+00 0.000000000000000000e+00
-5.154541592494767066e+00 0.000000000000000000e+00 0.000000000000000000e+00
-5.144138884941800605e+00 0.000000000000000000e+00 0.000000000000000000e+00
-5.133736177388835031e+00 0.000000000000000000e+00 0.000000000000000000e+00
-5.123333469835868570e+00 0.000000000000000000e+00 0.000000000000000000e+00
-5.112930762282902108e+00 0.000000000000000000e+00 0.000000000000000000e+00
-5.102528054729935647e+00 0.000000000000000000e+00 0.000000000000000000e+00
-5.092125347176970074e+00 0.000000000000000000e+00 0.000000000000000000e+00
-5.081722639624003612e+00 0.000000000000000000e+00 0.000000000000000000e+00
-5.071319932071037151e+00 0.000000000000000000e+00 0.000000000000000000e+00
-5.060917224518070689e+00 0.000000000000000000e+00 0.000000000000000000e+00
-5.050514516965105116e+00 0.000000000000000000e+00 0.000000000000000000e+00
-5.040111809412138655e+00 0.000000000000000000e+00 0.000000000000000000e+00
-5.029709101859172193e+00 0.000000000000000000e+00 0.000000000000000000e+00
-5.019306394306205732e+00 0.000000000000000000e+00 0.000000000000000000e+00
-5.008903686753240159e+00 0.000000000000000000e+00 0.000000000000000000e+00
-4.998500979200273697e+00 0.000000000000000000e+00 0.000000000000000000e+00
-4.988098271647307236e+00 0.000000000000000000e+00 0.000000000000000000e+00
-4.977695564094340774e+00 0.000000000000000000e+00 0.000000000000000000e+00
-4.967292856541375201e+00 0.000000000000000000e+00 0.000000000000000000e+00
-4.956890148988408740e+00 0.000000000000000000e+00 0.000000000000000000e+00
-4.946487441435442278e+00 0.000000000000000000e+00 0.000000000000000000e+00
-4.936084733882475817e+00 0.000000000000000000e+00 0.000000000000000000e+00
-4.925682026329510244e+00 0.000000000000000000e+00 0.000000000000000000e+00
-4.915279318776543782e+00 0.000000000000000000e+00 0.000000000000000000e+00
-4.904876611223577321e+00 0.000000000000000000e+00 0.000000000000000000e+00
-4.894473903670611747e+00 0.000000000000000000e+00 0.000000000000000000e+00
-4.884071196117645286e+00 0.000000000000000000e+00 0.000000000000000000e+00
-4.873668488564678825e+00 0.000000000000000000e+00 0.000000000000000000e+00
-4.863265781011712363e+00 0.000000000000000000e+00 0.000000000000000000e+00
-4.852863073458746790e+00 0.000000000000000000e+00 0.000000000000000000e+00
-4.842460365905780328e+00 0.000000000000000000e+00 0.000000000000000000e+00
-4.832057658352813867e+00 0.000000000000000000e+00 0.000000000000000000e+00
-4.821654950799847406e+00 0.000000000000000000e+00 0.000000000000000000e+00
-4.811252243246881832e+00 0.000000000000000000e+00 0.000000000000000000e+00
-4.800849535693915371e+00 0.000000000000000000e+00 0.000000000000000000e+00
-4.790446828140948909e+00 0.000000000000000000e+00 0.000000000000000000e+00
-4.780044120587982448e+00 0.000000000000000000e+00 0.000000000000000000e+00
-4.769641413035016875e+00 0.000000000000000000e+00 0.000000000000000000e+00
-4.759238705482050413e+00 0.000000000000000000e+00 0.000000000000000000e+00
-4.748835997929083952e+00 0.000000000000000000e+00 0.000000000000000000e+00
-4.738433290376117490e+00 0.000000000000000000e+00 0.000000000000000000e+00
-4.728030582823151917e+00 0.000000000000000000e+00 0.000000000000000000e+00
-4.717627875270185456e+00 0.000000000000000000e+00 0.000000000000000000e+00
-4.707225167717218994e+00 0.000000000000000000e+00 0.000000000000000000e+00
-4.696822460164252533e+00 0.000000000000000000e+00 0.000000000000000000e+00
-4.686419752611286960e+00 0.000000000000000000e+00 0.000000000000000000e+00
-4.676017045058320498e+00 0.000000000000000000e+00 0.000000000000000000e+00
-4.665614337505354037e+00 0.000000000000000000e+00 0.000000000000000000e+00
-4.655211629952388463e+00 0.000000000000000000e+00 0.000000000000000000e+00
-4.644808922399422002e+00 0.000000000000000000e+00 0.000000000000000000e+00
-4.634406214846455541e+00 0.000000000000000000e+00 0.000000000000000000e+00
-4.624003507293489079e+00 0.000000000000000000e+00 0.000000000000000000e+00
-4.613600799740522618e+00 0.000000000000000000e+00 0.000000000000000000e+00
-4.603198092187557044e+00 0.000000000000000000e+00 0.000000000000000000e+00
-4.592795384634590583e+00 0.000000000000000000e+00 0.000000000000000000e+00
-4.582392677081624122e+00 0.000000000000000000e+00 0.000000000000000000e+00
-4.571989969528658548e+00 0.000000000000000000e+00 0.000000000000000000e+00
-4.561587261975692087e+00 0.000000000000000000e+00 0.000000000000000000e+00
-4.551184554422725625e+00 0.000000000000000000e+00 0.000000000000000000e+00
-4.540781846869759164e+00 0.000000000000000000e+00 0.000000000000000000e+00
-4.530379139316793591e+00 0.000000000000000000e+00 0.000000000000000000e+00
-4.519976431763827129e+00 0.000000000000000000e+00 0.000000000000000000e+00
-4.509573724210860668e+00 0.000000000000000000e+00 0.000000000000000000e+00
-4.499171016657894207e+00 0.000000000000000000e+00 0.000000000000000000e+00
-4.488768309104928633e+00 0.000000000000000000e+00 0.000000000000000000e+00
-4.478365601551962172e+00 0.000000000000000000e+00 0.000000000000000000e+00
-4.467962893998995710e+00 0.000000000000000000e+00 0.000000000000000000e+00
-4.457560186446029249e+00 0.000000000000000000e+00 0.000000000000000000e+00
-4.447157478893063676e+00 0.000000000000000000e+00 0.000000000000000000e+00
-4.436754771340097214e+00 0.000000000000000000e+00 0.000000000000000000e+00
-4.426352063787130753e+00 0.000000000000000000e+00 0.000000000000000000e+00
-4.415949356234165180e+00 0.000000000000000000e+00 0.000000000000000000e+00
-4.405546648681198718e+00 0.000000000000000000e+00 0.000000000000000000e+00
-4.395143941128232257e+00 0.000000000000000000e+00 0.000000000000000000e+00
-4.384741233575265795e+00 0.000000000000000000e+00 0.000000000000000000e+00
-4.374338526022299334e+00 0.000000000000000000e+00 0.000000000000000000e+00
-4.363935818469333761e+00 0.000000000000000000e+00 0.000000000000000000e+00
-4.353533110916367299e+00 0.000000000000000000e+00 0.000000000000000000e+00
-4.343130403363400838e+00 0.000000000000000000e+00 0.000000000000000000e+00
-4.332727695810435264e+00 0.000000000000000000e+00 0.000000000000000000e+00
-4.322324988257468803e+00 0.000000000000000000e+00 0.000000000000000000e+00
-4.311922280704502342e+00 0.000000000000000000e+00 0.000000000000000000e+00
-4.301519573151535880e+00 0.000000000000000000e+00 0.000000000000000000e+00
-4.291116865598570307e+00 0.000000000000000000e+00 0.000000000000000000e+00
-4.280714158045603845e+00 0.000000000000000000e+00 0.000000000000000000e+00
-4.270311450492637384e+00 0.000000000000000000e+00 0.000000000000000000e+00
-4.259908742939670923e+00 0.000000000000000000e+00 0.000000000000000000e+00
-4.249506035386705349e+00 0.000000000000000000e+00 0.000000000000000000e+00
-4.239103327833738888e+00 0.000000000000000000e+00 0.000000000000000000e+00
-4.228700620280772426e+00 0.000000000000000000e+00 0.000000000000000000e+00
-4.218297912727805965e+00 0.000000000000000000e+00 0.000000000000000000e+00
-4.207895205174840392e+00 0.000000000000000000e+00 0.000000000000000000e+00
-4.197492497621873930e+00 0.000000000000000000e+00 0.000000000000000000e+00
-4.187089790068907469e+00 0.000000000000000000e+00 0.000000000000000000e+00
-4.176687082515941896e+00 0.000000000000000000e+00 0.000000000000000000e+00
-4.166284374962975434e+00 0.000000000000000000e+00 0.000000000000000000e+00
-4.155881667410008973e+00 0.000000000000000000e+00 0.000000000000000000e+00
-4.145478959857042511e+00 0.000000000000000000e+00 0.000000000000000000e+00
-4.135076252304076050e+00 0.000000000000000000e+00 0.000000000000000000e+00
-4.124673544751110477e+00 0.000000000000000000e+00 0.000000000000000000e+00
-4.114270837198144015e+00 0.000000000000000000e+00 0.000000000000000000e+00
-4.103868129645177554e+00 0.000000000000000000e+00 0.000000000000000000e+00
-4.093465422092211980e+00 0.000000000000000000e+00 0.000000000000000000e+00
-4.083062714539245519e+00 0.000000000000000000e+00 0.000000000000000000e+00
-4.072660006986279058e+00 0.000000000000000000e+00 0.000000000000000000e+00
-4.062257299433312596e+00 0.000000000000000000e+00 0.000000000000000000e+00
-4.051854591880346135e+00 0.000000000000000000e+00 0.000000000000000000e+00
-4.041451884327380562e+00 0.000000000000000000e+00 0.000000000000000000e+00
-4.031049176774414100e+00 0.000000000000000000e+00 0.000000000000000000e+00
-4.020646469221447639e+00 0.000000000000000000e+00 0.000000000000000000e+00
-4.010243761668482065e+00 0.000000000000000000e+00 0.000000000000000000e+00
-3.999841054115515604e+00 0.000000000000000000e+00 0.000000000000000000e+00
-3.989438346562549143e+00 0.000000000000000000e+00 0.000000000000000000e+00
-3.979035639009583125e+00 0.000000000000000000e+00 0.000000000000000000e+00
-3.968632931456617108e+00 0.000000000000000000e+00 0.000000000000000000e+00
-3.958230223903650646e+00 0.000000000000000000e+00 0.000000000000000000e+00
-3.947827516350684185e+00 0.000000000000000000e+00 0.000000000000000000e+00
-3.937424808797718168e+00 0.000000000000000000e+00 0.000000000000000000e+00
-3.927022101244752150e+00 0.000000000000000000e+00 0.000000000000000000e+00
-3.916619393691785689e+00 0.000000000000000000e+00 0.000000000000000000e+00
-3.906216686138819227e+00 0.000000000000000000e+00 0.000000000000000000e+00
-3.895813978585853210e+00 0.000000000000000000e+00 0.000000000000000000e+00
-3.885411271032887193e+00 0.000000000000000000e+00 0.000000000000000000e+00
-3.875008563479920731e+00 0.000000000000000000e+00 0.000000000000000000e+00
-3.864605855926954270e+00 0.000000000000000000e+00 0.000000000000000000e+00
-3.854203148373988252e+00 0.000000000000000000e+00 0.000000000000000000e+00
-3.843800440821022235e+00 0.000000000000000000e+00 0.000000000000000000e+00
-3.833397733268055774e+00 0.000000000000000000e+00 0.000000000000000000e+00
-3.822995025715089312e+00 0.000000000000000000e+00 0.000000000000000000e+00
-3.812592318162123295e+00 0.000000000000000000e+00 0.000000000000000000e+00
-3.802189610609157278e+00 0.000000000000000000e+00 0.000000000000000000e+00
-3.791786903056190816e+00 0.000000000000000000e+00 0.000000000000000000e+00
-3.781384195503224355e+00 0.000000000000000000e+00 0.000000000000000000e+00
-3.770981487950258337e+00 0.000000000000000000e+00 0.000000000000000000e+00
-3.760578780397292320e+00 0.000000000000000000e+00 0.000000000000000000e+00
-3.750176072844325859e+00 0.000000000000000000e+00 0.000000000000000000e+00
-3.739773365291359397e+00 0.000000000000000000e+00 0.000000000000000000e+00
-3.729370657738393824e+00 0.000000000000000000e+00 0.000000000000000000e+00
-3.718967950185427362e+00 0.000000000000000000e+00 0.000000000000000000e+00
-3.708565242632460901e+00 0.000000000000000000e+00 0.000000000000000000e+00
-3.698162535079494884e+00 0.000000000000000000e+00 0.000000000000000000e+00
-3.687759827526528866e+00 0.000000000000000000e+00 0.000000000000000000e+00
-3.677357119973562405e+00 0.000000000000000000e+00 0.000000000000000000e+00
-3.666954412420595943e+00 0.000000000000000000e+00 0.000000000000000000e+00
-3.656551704867629926e+00 0.000000000000000000e+00 0.000000000000000000e+00
-3.646148997314663909e+00 0.000000000000000000e+00 0.000000000000000000e+00
-3.635746289761697447e+00 0.000000000000000000e+00 0.000000000000000000e+00
-3.625343582208730986e+00 0.000000000000000000e+00 0.000000000000000000e+00
-3.614940874655764969e+00 0.000000000000000000e+00 0.000000000000000000e+00
-3.604538167102798951e+00 0.000000000000000000e+00 0.000000000000000000e+00
-3.594135459549832490e+00 0.000000000000000000e+00 0.000000000000000000e+00
-3.583732751996866028e+00 0.000000000000000000e+00 0.000000000000000000e+00
-3.573330044443900011e+00 0.000000000000000000e+00 0.000000000000000000e+00
-3.562927336890933994e+00 0.000000000000000000e+00 0.000000000000000000e+00
-3.552524629337967532e+00 0.000000000000000000e+00 0.000000000000000000e+00
-3.542121921785001071e+00 0.000000000000000000e+00 0.000000000000000000e+00
-3.531719214232035053e+00 0.000000000000000000e+00 0.000000000000000000e+00
-3.521316506679069036e+00 0.000000000000000000e+00 0.000000000000000000e+00
-3.510913799126102575e+00 0.000000000000000000e+00 0.000000000000000000e+00
-3.500511091573136113e+00 0.000000000000000000e+00 0.000000000000000000e+00
-3.490108384020170096e+00 0.000000000000000000e+00 0.000000000000000000e+00
-3.479705676467204079e+00 0.000000000000000000e+00 0.000000000000000000e+00
-3.469302968914237617e+00 0.000000000000000000e+00 0.000000000000000000e+00
-3.458900261361271600e+00 3.000748496243987873e-03 3.004638773789010311e-03
-3.448497553808305582e+00 8.988718448177723808e-03 9.035156525092890092e-03
-3.438094846255339121e+00 1.495865234603976912e-02 1.508687109663856690e-02
-3.427692138702372660e+00 2.091055018982967972e-02 2.116034388812727471e-02
-3.417289431149406642e+00 2.684441197954701153e-02 2.725484122916472032e-02
-3.406886723596440625e+00 3.276023771519254169e-02 3.336963502448620639e-02
-3.396484016043474163e+00 3.865802739676604816e-02 3.950400273703437437e-02
-3.386081308490507702e+00 4.453778102426753094e-02 4.565722737104057488e-02
-3.375678600937541685e+00 5.039949859769676799e-02 5.182859745510431243e-02
-3.365275893384575667e+00 5.624318011705387033e-02 5.801740702527396348e-02
-3.354873185831609206e+00 6.206882558233917102e-02 6.422295560812664450e-02
-3.344470478278642744e+00 6.787643499355222598e-02 7.044454820384725424e-02
-3.334067770725676727e+00 7.366600835069303521e-02 7.668149526930975735e-02
-3.323665063172710710e+00 7.943754565376170973e-02 8.293311270115680256e-02
-3.313262355619744248e+00 8.519104690275858260e-02 8.919872181888005569e-02
-3.302859648066777787e+00 9.092651209768343179e-02 9.547764934789912394e-02
-3.292456940513811769e+00 9.664394123853581320e-02 1.017692274026422428e-01
-3.282054232960845752e+00 1.023433343253161709e-01 1.080727934696274622e-01
-3.271651525407879291e+00 1.080246913580247270e-01 1.143876903905411690e-01
-3.261248817854912829e+00 1.136880123366611484e-01 1.207132663453181626e-01
-3.250846110301946812e+00 1.193332972612253240e-01 1.270488748352222308e-01
-3.240443402748980795e+00 1.249605461317172539e-01 1.333938746659262820e-01
-3.230040695196014333e+00 1.305697589481373821e-01 1.397476299305928371e-01
-3.219637987643047872e+00 1.361609357104853757e-01 1.461095099929523022e-01
-3.209235280090081854e+00 1.417340764187611235e-01 1.524788894703844877e-01
-3.198832572537115837e+00 1.472891810729648476e-01 1.588551482169981988e-01
-3.188429864984149376e+00 1.528262496730965481e-01 1.652376713067118530e-01
-3.178027157431183358e+00 1.583452822191561138e-01 1.716258490163322936e-01
-3.167624449878216897e+00 1.638462787111436558e-01 1.780190768086358788e-01
-3.157221742325250879e+00 1.693292391490589521e-01 1.844167553154482386e-01
-3.146819034772284418e+00 1.747941635329024468e-01 1.908182903207241987e-01
-3.136416327219318401e+00 1.802410518626735847e-01 1.972230927436269265e-01
-3.126013619666351939e+00 1.856699041383726989e-01 2.036305786216106306e-01
-3.115610912113385922e+00 1.910807203599995674e-01 2.100401690934978194e-01
-3.105208204560419460e+00 1.964735005275546342e-01 2.164512903825610013e-01
-3.094805497007453443e+00 2.018482446410374553e-01 2.228633737796001379e-01
-3.084402789454486982e+00 2.072049527004482528e-01 2.292758556260273417e-01
-3.074000081901520964e+00 2.125436247057868044e-01 2.356881772969426636e-01
-3.063597374348554947e+00 2.178642606570533324e-01 2.420997851842160709e-01
-3.053194666795588486e+00 2.231668605542480588e-01 2.485101306795668707e-01
-3.042791959242622468e+00 2.284514243973703174e-01 2.549186701576432457e-01
-3.032389251689656007e+00 2.337179521864206633e-01 2.613248649591053963e-01
-3.021986544136689989e+00 2.389664439213987635e-01 2.677281813737009131e-01
-3.011583836583723528e+00 2.441968996023050620e-01 2.741280906233480308e-01
-3.001181129030757511e+00 2.494093192291390038e-01 2.805240688452133591e-01
-2.990778421477791049e+00 2.546037028019010329e-01 2.869155970747960804e-01
-2.980375713924825032e+00 2.597800503205908162e-01 2.933021612290019897e-01
-2.969973006371858570e+00 2.649383617852086870e-01 2.996832520892290241e-01
-2.959570298818892553e+00 2.700786371957542009e-01 3.060583652844443003e-01
-2.949167591265926092e+00 2.752008765522280243e-01 3.124270012742644265e-01
-2.938764883712960074e+00 2.803050798546293798e-01 3.187886653320353703e-01
-2.928362176159993613e+00 2.853912471029589337e-01 3.251428675279161573e-01
-2.917959468607027596e+00 2.904593782972162419e-01 3.314891227119508565e-01
-2.907556761054061134e+00 2.955094734374015264e-01 3.378269504971574966e-01
-2.897154053501095117e+00 3.005415325235144541e-01 3.441558752426040479e-01
-2.886751345948128655e+00 3.055555555555556912e-01 3.504754260364871810e-01
-2.876348638395162638e+00 3.105515425335244606e-01 3.567851366792128553e-01
-2.865945930842196177e+00 3.155294934574215393e-01 3.630845456664809068e-01
-2.855543223289230159e+00 3.204894083272462613e-01 3.693731961723547563e-01
-2.845140515736263698e+00 3.254312871429989595e-01 3.756506360323560445e-01
-2.834737808183297680e+00 3.303551299046794121e-01 3.819164177265321758e-01
-2.824335100630331219e+00 3.352609366122880630e-01 3.881700983625426815e-01
-2.813932393077365202e+00 3.401487072658244681e-01 3.944112396587327596e-01
-2.803529685524398740e+00 3.450184418652888496e-01 4.006394079272248554e-01
-2.793126977971432723e+00 3.498701404106809854e-01 4.068541740569880938e-01
-2.782724270418466705e+00 3.547038029020010974e-01 4.130551134969215887e-01
-2.772321562865500244e+00 3.595194293392491858e-01 4.192418062389373645e-01
-2.761918855312534227e+00 3.643170197224250284e-01 4.254138368010368931e-01
-2.751516147759567765e+00 3.690965740515290694e-01 4.315707942103907402e-01
-2.741113440206601748e+00 3.738580923265607536e-01 4.377122719864214306e-01
-2.730710732653635286e+00 3.786015745475206362e-01 4.438378681238828172e-01
-2.720308025100669269e+00 3.833270207144080510e-01 4.499471850759366731e-01
-2.709905317547702808e+00 3.880344308272236642e-01 4.560398297372416088e-01
-2.699502609994736790e+00 3.927238048859670316e-01 4.621154134270196168e-01
-2.689099902441770329e+00 3.973951428906384864e-01 4.681735518721465428e-01
-2.678697194888804312e+00 4.020484448412375844e-01 4.742138651902302882e-01
-2.668294487335837850e+00 4.066837107377648808e-01 4.802359778726905115e-01
-2.657891779782871833e+00 4.113009405802199314e-01 4.862395187678298925e-01
-2.647489072229905371e+00 4.159001343686029584e-01 4.922241210639342612e-01
-2.637086364676939354e+00 4.204812921029137396e-01 4.981894222723300958e-01
-2.626683657123972893e+00 4.250444137831526081e-01 5.041350642104819313e-01
-2.616280949571006875e+00 4.295894994093192309e-01 5.100606929850598492e-01
-2.605878242018040414e+00 4.341165489814139411e-01 5.159659589750299480e-01
-2.595475534465074396e+00 4.386255624994364055e-01 5.218505168147238304e-01
-2.585072826912107935e+00 4.431165399633869573e-01 5.277140253769291300e-01
-2.574670119359141918e+00 4.475894813732652633e-01 5.335561477559609411e-01
-2.564267411806175456e+00 4.520443867290715456e-01 5.393765512507506799e-01
-2.553864704253209439e+00 4.564812560308055822e-01 5.451749073479169594e-01
-2.543461996700242977e+00 4.609000892784678172e-01 5.509508917048511201e-01
-2.533059289147276960e+00 4.653008864720576954e-01 5.567041841327914353e-01
-2.522656581594310943e+00 4.696836476115755499e-01 5.624344685799148591e-01
-2.512253874041344481e+00 4.740483726970213807e-01 5.681414331144046814e-01
-2.501851166488378464e+00 4.783950617283949658e-01 5.738247699075392783e-01
-2.491448458935412003e+00 4.827237147056967492e-01 5.794841752167654292e-01
-2.481045751382445985e+00 4.870343316289261759e-01 5.851193493687798508e-01
-2.470643043829479524e+00 4.913269124980836899e-01 5.907299967426182796e-01
-2.460240336276513506e+00 4.956014573131690693e-01 5.963158257527183537e-01
-2.449837628723547045e+00 4.998579660741824249e-01 6.018765488320159118e-01
-2.439434921170581028e+00 5.040964387811235348e-01 6.074118824150134266e-01
-2.429032213617614566e+00 5.083168754339926210e-01 6.129215469208757483e-01
-2.418629506064648549e+00 5.125192760327895725e-01 6.184052667364852152e-01
-2.408226798511682087e+00 5.167036405775145003e-01 6.238627701995457242e-01
-2.397824090958716070e+00 5.208699690681672934e-01 6.292937895816473892e-01
-2.387421383405749609e+00 5.250182615047480628e-01 6.346980610713558457e-01
-2.377018675852783591e+00 5.291485178872565864e-01 6.400753247572877891e-01
-2.366615968299817130e+00 5.332607382156933085e-01 6.454253246111908426e-01
-2.356213260746851113e+00 5.373549224900576737e-01 6.507478084710223154e-01
-2.345810553193884651e+00 5.414310707103501263e-01 6.560425280240385071e-01
-2.335407845640918634e+00 5.454891828765703332e-01 6.613092387898590330e-01
-2.325005138087952172e+00 5.495292589887186274e-01 6.665477001035631233e-01
-2.314602430534986155e+00 5.535512990467945649e-01 6.717576750987562795e-01
-2.304199722982019694e+00 5.575553030507987007e-01 6.769389306906645754e-01
-2.293797015429053676e+00 5.615412710007304797e-01 6.820912375591907661e-01
-2.283394307876087215e+00 5.655092028965904571e-01 6.872143701320279074e-01
-2.272991600323121197e+00 5.694590987383780778e-01 6.923081065677048063e-01
-2.262588892770155180e+00 5.733909585260936748e-01 6.973722287386932006e-01
-2.252186185217188719e+00 5.773047822597372480e-01 7.024065222144797449e-01
-2.241783477664222701e+00 5.812005699393086866e-01 7.074107762446297798e-01
-2.231380770111256240e+00 5.850783215648081015e-01 7.123847837418961770e-01
-2.220978062558290222e+00 5.889380371362353817e-01 7.173283412652697866e-01
-2.210575355005323761e+00 5.927797166535906381e-01 7.222412490030860610e-01
-2.200172647452357744e+00 5.966033601168736489e-01 7.271233107560852726e-01
-2.189769939899391282e+00 6.004089675260847470e-01 7.319743339205083688e-01
-2.179367232346425265e+00 6.041965388812235993e-01 7.367941294711566336e-01
-2.168964524793458803e+00 6.079660741822905390e-01 7.415825119444935387e-01
-2.158561817240492786e+00 6.117175734292851219e-01 7.463392994217104004e-01
-2.148159109687526325e+00 6.154510366222079032e-01 7.510643135118190150e-01
-2.137756402134560307e+00 6.191664637610583277e-01 7.557573793347092117e-01
-2.127353694581593846e+00 6.228638548458369506e-01 7.604183255042606948e-01
-2.116950987028627829e+00 6.265432098765432167e-01 7.650469841113887171e-01
-2.106548279475661367e+00 6.302045288531776812e-01 7.696431907071573653e-01
-2.096145571922695350e+00 6.338478117757397889e-01 7.742067842858255666e-01
-2.085742864369728888e+00 6.374730586442298730e-01 7.787376072679744743e-01
-2.075340156816762871e+00 6.410802694586479333e-01 7.832355054835222763e-01
-2.064937449263796410e+00 6.446694442189938590e-01 7.877003281548610181e-01
-2.054534741710830392e+00 6.482405829252676499e-01 7.921319278799177077e-01
-2.044132034157863931e+00 6.517936855774695282e-01 7.965301606152176417e-01
-2.033729326604897913e+00 6.553287521755990497e-01 8.008948856589933607e-01
-2.023326619051931452e+00 6.588457827196567695e-01 8.052259656342456440e-01
-2.012923911498965435e+00 6.623447772096421327e-01 8.095232664718191584e-01
-2.002521203945998973e+00 6.658257356455555831e-01 8.137866573935164105e-01
-1.992118496393032956e+00 6.692886580273967878e-01 8.180160108951223252e-01
-1.981715788840066939e+00 6.727335443551659688e-01 8.222112027295345182e-01
-1.971313081287100477e+00 6.761603946288631262e-01 8.263721118898188500e-01
-1.960910373734134460e+00 6.795692088484881488e-01 8.304986205922944009e-01
-1.950507666181167998e+00 6.829599870140411477e-01 8.345906142596168920e-01
-1.940104958628201981e+00 6.863327291255219009e-01 8.386479815038385688e-01
-1.929702251075235520e+00 6.896874351829307415e-01 8.426706141095425817e-01
-1.919299543522269502e+00 6.930241051862673363e-01 8.466584070168371445e-01
-1.908896835969303041e+00 6.963427391355320184e-01 8.506112583045259967e-01
-1.898494128416337023e+00 6.996433370307244548e-01 8.545290691731142196e-01
-1.888091420863370562e+00 7.029258988718448675e-01 8.584117439279489448e-01
-1.877688713310404545e+00 7.061904246588931455e-01 8.622591899622461531e-01
-1.867286005757438083e+00 7.094369143918693998e-01 8.660713177402096230e-01
-1.856883298204472066e+00 7.126653680707735194e-01 8.698480407800928127e-01
-1.846480590651505604e+00 7.158757856956056154e-01 8.735892756372870549e-01
-1.836077883098539587e+00 7.190681672663654656e-01 8.772949418873819960e-01
-1.825675175545573126e+00 7.222425127830534031e-01 8.809649621092876526e-01
-1.815272467992607108e+00 7.253988222456690949e-01 8.845992618682609887e-01
-1.804869760439640647e+00 7.285370956542128740e-01 8.881977696990286386e-01
-1.794467052886674630e+00 7.316573330086844074e-01 8.917604170888461246e-01
-1.784064345333708168e+00 7.347595343090840281e-01 8.952871384605840532e-01
-1.773661637780742151e+00 7.378436995554112920e-01 8.987778711558018774e-01
-1.763258930227775689e+00 7.409098287476667544e-01 9.022325554178536322e-01
-1.752856222674809672e+00 7.439579218858498599e-01 9.056511343749071852e-01
-1.742453515121843211e+00 7.469879789699610528e-01 9.090335540231045952e-01
-1.732050807568877193e+00 7.500000000000000000e-01 9.123797632095813626e-01
-1.721648100015911176e+00 7.529939849759669235e-01 9.156897136155717210e-01
-1.711245392462944714e+00 7.559699338978618233e-01 9.189633597394879505e-01
-1.700842684909978697e+00 7.589278467656845883e-01 9.222006588799798177e-01
-1.690439977357012236e+00 7.618677235794353297e-01 9.254015711190601845e-01
-1.680037269804046218e+00 7.647895643391138254e-01 9.285660593051272560e-01
-1.669634562251079757e+00 7.676933690447205194e-01 9.316940890360904115e-01
-1.659231854698113739e+00 7.705791376962547456e-01 9.347856286424196526e-01
-1.648829147145147278e+00 7.734468702937171702e-01 9.378406491702746539e-01
-1.638426439592181261e+00 7.762965668371073491e-01 9.408591243644974789e-01
-1.628023732039214799e+00 7.791282273264256153e-01 9.438410306517833748e-01
-1.617621024486248782e+00 7.819418517616716358e-01 9.467863471237000228e-01
-1.607218316933282320e+00 7.847374401428456325e-01 9.496950555197989363e-01
-1.596815609380316303e+00 7.875149924699473836e-01 9.525671402106941077e-01
-1.586412901827349842e+00 7.902745087429772219e-01 9.554025881811306631e-01
-1.576010194274383824e+00 7.930159889619349256e-01 9.582013890130365308e-01
-1.565607486721417363e+00 7.957394331268206056e-01 9.609635348686923484e-01
-1.555204779168451346e+00 7.984448412376340398e-01 9.636890204737040833e-01
-1.544802071615484884e+00 8.011322132943755614e-01 9.663778431001550651e-01
-1.534399364062518867e+00 8.038015492970448372e-01 9.690300025496539904e-01
-1.523996656509552405e+00 8.064528492456422004e-01 9.716455011364431016e-01
-1.513593948956586388e+00 8.090861131401672068e-01 9.742243436704309811e-01
-1.503191241403619927e+00 8.117013409806204116e-01 9.767665374403207146e-01
-1.492788533850653909e+00 8.142985327670012596e-01 9.792720921966595604e-01
-1.482385826297687448e+00 8.168776884993101950e-01 9.817410201349543453e-01
-1.471983118744721430e+00 8.194388081775469956e-01 9.841733358786837194e-01
-1.461580411191755413e+00 8.219818918017116616e-01 9.865690564624498560e-01
-1.451177703638788952e+00 8.245069393718043038e-01 9.889282013150346717e-01
-1.440774996085822934e+00 8.270139508878247003e-01 9.912507922424653728e-01
-1.430372288532856473e+00 8.295029263497732952e-01 9.935368534111004291e-01
-1.419969580979890456e+00 8.319738657576495333e-01 9.957864113307066667e-01
-1.409566873426923994e+00 8.344267691114538588e-01 9.979994948375722208e-01
-1.399164165873957977e+00 8.368616364111859385e-01 1.000176135077534667e+00
-1.388761458320991515e+00 8.392784676568461055e-01 1.002316365489117400e+00
-1.378358750768025498e+00 8.416772628484340268e-01 1.004420221786528788e+00
-1.367956043215059037e+00 8.440580219859499245e-01 1.006487741942847292e+00
-1.357553335662093019e+00 8.464207450693936874e-01 1.008518966173001852e+00
-1.347150628109126558e+00 8.487654320987654266e-01 1.010513936916942246e+00
-1.336747920556160540e+00 8.510920830740651422e-01 1.012472698822617589e+00
-1.326345213003194079e+00 8.534006979952926120e-01 1.014395298729157791e+00
-1.315942505450228062e+00 8.556912768624480581e-01 1.016281785649904679e+00
-1.305539797897261600e+00 8.579638196755314805e-01 1.018132210755462896e+00
-1.295137090344295583e+00 8.602183264345426572e-01 1.019946627356854929e+00
-1.284734382791329121e+00 8.624547971394819212e-01 1.021725090888528253e+00
-1.274331675238363104e+00 8.646732317903489395e-01 1.023467658891463961e+00
-1.263928967685396643e+00 8.668736303871440452e-01 1.025174390996292484e+00
-1.253526260132430625e+00 8.690559929298669051e-01 1.026845348906295863e+00
-1.243123552579464164e+00 8.712203194185177413e-01 1.028480596380575873e+00
-1.232720845026498147e+00 8.733666098530963318e-01 1.030080199217040748e+00
-1.222318137473531685e+00 8.754948642336030096e-01 1.031644225235599732e+00
-1.211915429920565668e+00 8.776050825600375527e-01 1.033172744261107612e+00
-1.201512722367599650e+00 8.796972648323999611e-01 1.034665828106552166e+00
-1.191110014814633189e+00 8.817714110506903458e-01 1.036123550556109274e+00
-1.180707307261666728e+00 8.838275212149087068e-01 1.037545987348176713e+00
-1.170304599708701154e+00 8.858655953250547110e-01 1.038933216158505202e+00
-1.159901892155734693e+00 8.878856333811289137e-01 1.040285316583278385e+00
-1.149499184602768231e+00 8.898876353831308705e-01 1.041602370122141963e+00
-1.139096477049801770e+00 8.918716013310609148e-01 1.042884460161351612e+00
-1.128693769496836197e+00 8.938375312249186022e-01 1.044131671956762597e+00
-1.118291061943869735e+00 8.957854250647043770e-01 1.045344092617056742e+00
-1.107888354390903274e+00 8.977152828504180171e-01 1.046521811086658982e+00
-1.097485646837936812e+00 8.996271045820596335e-01 1.047664918128912159e+00
-1.087082939284971239e+00 9.015208902596290041e-01 1.048773506309112591e+00
-1.076680231732004778e+00 9.033966398831263511e-01 1.049847669977682862e+00
-1.066277524179038316e+00 9.052543534525516744e-01 1.050887505253111920e+00
-1.055874816626071855e+00 9.070940309679049740e-01 1.051893110005128085e+00
-1.045472109073106282e+00 9.089156724291859168e-01 1.052864583837738177e+00
-1.035069401520139820e+00 9.107192778363949470e-01 1.053802028072379438e+00
-1.024666693967173359e+00 9.125048471895319535e-01 1.054705545730891592e+00
-1.014263986414206897e+00 9.142723804885968253e-01 1.055575241518662999e+00
-1.003861278861241324e+00 9.160218777335894513e-01 1.056411221807698197e+00
-9.934585713082748626e-01 9.177533389245100537e-01 1.057213594619740515e+00
-9.830558637553084012e-01 9.194667640613587434e-01 1.057982469609237919e+00
-9.726531562023419397e-01 9.211621531441351873e-01 1.058717958046542673e+00
-9.622504486493763665e-01 9.228395061728394966e-01 1.059420172800925819e+00
-9.518477410964099050e-01 9.244988231474717821e-01 1.060089228323699562e+00
-9.414450335434434436e-01 9.261401040680320440e-01 1.060725240631242183e+00
-9.310423259904778703e-01 9.277633489345200601e-01 1.061328327288108886e+00
-9.206396184375114089e-01 9.293685577469361636e-01 1.061898607390148630e+00
-9.102369108845449475e-01 9.309557305052801324e-01 1.062436201547497072e+00
-8.998342033315784860e-01 9.325248672095519664e-01 1.062941231867757352e+00
-8.894314957786129128e-01 9.340759678597516658e-01 1.063413821938978820e+00
-8.790287882256464513e-01 9.356090324558793414e-01 1.063854096812832273e+00
-8.686260806726799899e-01 9.371240609979348823e-01 1.064262182987619987e+00
-8.582233731197135285e-01 9.386210534859183996e-01 1.064638208391400331e+00
-8.478206655667479552e-01 9.401000099198296711e-01 1.064982302364998024e+00
-8.374179580137814938e-01 9.415609302996690300e-01 1.065294595645217113e+00
-8.270152504608150323e-01 9.430038146254362541e-01 1.065575220347775520e+00
-8.166125429078485709e-01 9.444286628971314546e-01 1.065824309950461402e+00
-8.062098353548829976e-01 9.458354751147544093e-01 1.066041999276205132e+00
-7.958071278019165362e-01 9.472242512783053403e-01 1.066228424476175052e+00
-7.854044202489500748e-01 9.485949913877842476e-01 1.066383723012791274e+00
-7.750017126959836133e-01 9.499476954431910203e-01 1.066508033642902031e+00
-7.645990051430180401e-01 9.512823634445255472e-01 1.066601496400755744e+00
-7.541962975900515787e-01 9.525989953917881614e-01 1.066664252581215555e+00
-7.437935900370851172e-01 9.538975912849787520e-01 1.066696444722671222e+00
-7.333908824841186558e-01 9.551781511240970968e-01 1.066698216590294068e+00
-7.229881749311530825e-01 9.564406749091434179e-01 1.066669713158955091e+00
-7.125854673781866211e-01 9.576851626401176043e-01 1.066611080596441719e+00
-7.021827598252201597e-01 9.589116143170197670e-01 1.066522466246471845e+00
-6.917800522722536982e-01 9.601200299398497950e-01 1.066404018611754934e+00
-6.813773447192881250e-01 9.613104095086076883e-01 1.066255887337091979e+00
-6.709746371663216635e-01 9.624827530232935580e-01 1.066078223192520102e+00
-6.605719296133552021e-01 9.636370604839074039e-01 1.065871178056275070e+00
-6.501692220603896288e-01 9.647733318904490041e-01 1.065634904897930557e+00
-6.397665145074231674e-01 9.658915672429185806e-01 1.065369557761537411e+00
-6.293638069544567060e-01 9.669917665413161334e-01 1.065075291748584618e+00
-6.189610994014902445e-01 9.680739297856415515e-01 1.064752263001158994e+00
-6.085583918485246713e-01 9.691380569758948349e-01 1.064400628684984751e+00
-5.981556842955582098e-01 9.701841481120760946e-01 1.064020546972577863e+00
-5.877529767425917484e-01 9.712122031941852196e-01 1.063612177026232342e+00
-5.773502691896252870e-01 9.722222222222223209e-01 1.063175678981139516e+00
-5.669475616366597137e-01 9.732142051961871765e-01 1.062711213928455578e+00
-5.565448540836932523e-01 9.741881521160800084e-01 1.062218943898455503e+00
-5.461421465307267908e-01 9.751440629819008166e-01 1.061699031843491570e+00
-5.357394389777603294e-01 9.760819377936496011e-01 1.061151641621154385e+00
-5.253367314247947562e-01 9.770017765513261399e-01 1.060576937977312006e+00
-5.149340238718282947e-01 9.779035792549306549e-01 1.059975086529265642e+00
-5.045313163188618333e-01 9.787873459044630353e-01 1.059346253748726596e+00
-4.941286087658953718e-01 9.796530764999233920e-01 1.058690606944972190e+00
-4.837259012129297986e-01 9.805007710413116140e-01 1.058008314247842696e+00
-4.733231936599633372e-01 9.813304295286277013e-01 1.057299544590959206e+00
-4.629204861069968757e-01 9.821420519618717648e-01 1.056564467694680376e+00
-4.525177785540304143e-01 9.829356383410438047e-01 1.055803254049195505e+00
-4.421150710010648410e-01 9.837111886661435989e-01 1.055016074897659140e+00
-4.317123634480983796e-01 9.844687029371713693e-01 1.054203102219286592e+00
-4.213096558951319182e-01 9.852081811541271161e-01 1.053364508712308911e+00
-4.109069483421654567e-01 9.859296233170107282e-01 1.052500467777189863e+00
-4.005042407891998835e-01 9.866330294258222056e-01 1.051611153499632412e+00
-3.901015332362334220e-01 9.873183994805616592e-01 1.050696740633697779e+00
-3.796988256832669606e-01 9.879857334812289782e-01 1.049757404584852560e+00
-3.692961181303013873e-01 9.886350314278241624e-01 1.048793321393040934e+00
-3.588934105773349259e-01 9.892662933203473230e-01 1.047804667715834803e+00
-3.484907030243684645e-01 9.898795191587984599e-01 1.046791620811415857e+00
-3.380879954714020030e-01 9.904747089431774620e-01 1.045754358521746141e+00
-3.276852879184364298e-01 9.910518626734843295e-01 1.044693059255537015e+00
-3.172825803654699683e-01 9.916109803497190622e-01 1.043607901971510543e+00
-3.068798728125035069e-01 9.921520619718817713e-01 1.042499066161269639e+00
-2.964771652595370455e-01 9.926751075399724566e-01 1.041366731832532144e+00
-2.860744577065714722e-01 9.931801170539908963e-01 1.040211079492084467e+00
-2.756717501536050108e-01 9.936670905139373122e-01 1.039032290129051850e+00
-2.652690426006385493e-01 9.941360279198117045e-01 1.037830545197739207e+00
-2.548663350476720879e-01 9.945869292716139620e-01 1.036606026600892960e+00
-2.444636274947065147e-01 9.950197945693440849e-01 1.035358916672698415e+00
-2.340609199417400532e-01 9.954346238130021840e-01 1.034089398161907702e+00
-2.236582123887735918e-01 9.958314170025881484e-01 1.032797654214849814e+00
-2.132555048358071303e-01 9.962101741381020892e-01 1.031483868358588518e+00
-2.028527972828415571e-01 9.965708952195438952e-01 1.030148224483924180e+00
-1.924500897298750957e-01 9.969135802469135665e-01 1.028790906828587204e+00
-1.820473821769086342e-01 9.972382292202112142e-01 1.027412099960176572e+00
-1.716446746239421728e-01 9.975448421394367271e-01 1.026011988759360394e+00
-1.612419670709765995e-01 9.978334190045902163e-01 1.024590758402849078e+00
-1.508392595180101381e-01 9.981039598156715709e-01 1.023148594346589446e+00
-1.404365519650436767e-01 9.983564645726807907e-01 1.021685682308787646e+00
-1.300338444120781034e-01 9.985909332756179868e-01 1.020202208252911191e+00
-1.196311368591116420e-01 9.988073659244830482e-01 1.018698358370975221e+00
-1.092284293061451805e-01 9.990057625192760860e-01 1.017174319066373345e+00
-9.882572175317871910e-02 9.991861230599969890e-01 1.015630276937149912e+00
-8.842301420021314584e-02 9.993484475466457573e-01 1.014066418758959198e+00
-7.802030664724668441e-02 9.994927359792225019e-01 1.012482931468266401e+00
-6.761759909428022297e-02 9.996189883577271118e-01 1.010880002145284839e+00
-5.721489154131376154e-02 9.997272046821595870e-01 1.009257817997170514e+00
-4.681218398834818828e-02 9.998173849525200385e-01 1.007616566341023923e+00
-3.640947643538172684e-02 9.998895291688084663e-01 1.005956434587055082e+00
-2.600676888241526541e-02 9.999436373310247594e-01 1.004277610221563144e+00
-1.560406132944880397e-02 9.999797094391689178e-01 1.002580280790104084e+00
-5.201353776483230718e-03 9.999977454932409415e-01 1.000864633880490073e+00
5.201353776483230718e-03 9.999977454932409415e-01 9.991308571059848154e-01
1.560406132944969215e-02 9.999797094391689178e-01 9.973791380882408575e-01
2.600676888241615359e-02 9.999436373310247594e-01 9.956096644404933693e-01
3.640947643538172684e-02 9.998895291688084663e-01 9.938226237505548566e-01
4.681218398834818828e-02 9.998173849525200385e-01 9.920182035640089380e-01
5.721489154131464971e-02 9.997272046821595870e-01 9.901965913671557651e-01
6.761759909428111115e-02 9.996189883577271118e-01 9.883579745701766006e-01
7.802030664724668441e-02 9.994927359792225019e-01 9.865025404901716088e-01
8.842301420021314584e-02 9.993484475466457573e-01 9.846304763343252109e-01
9.882572175317960728e-02 9.991861230599968779e-01 9.827419691828439552e-01
1.092284293061460687e-01 9.990057625192759749e-01 9.808372059721858216e-01
1.196311368591116420e-01 9.988073659244830482e-01 9.789163734779908754e-01
1.300338444120781034e-01 9.985909332756179868e-01 9.769796582983104605e-01
1.404365519650445648e-01 9.983564645726807907e-01 9.750272468365881462e-01
1.508392595180101381e-01 9.981039598156715709e-01 9.730593252847394847e-01
1.612419670709765995e-01 9.978334190045902163e-01 9.710760796063313549e-01
1.716446746239430610e-01 9.975448421394367271e-01 9.690776955195201658e-01
1.820473821769095224e-01 9.972382292202112142e-01 9.670643584802458559e-01
1.924500897298750957e-01 9.969135802469135665e-01 9.650362536652329348e-01
2.028527972828415571e-01 9.965708952195438952e-01 9.629935659551566163e-01
2.132555048358080185e-01 9.962101741381020892e-01 9.609364799176227656e-01
2.236582123887744800e-01 9.958314170025881484e-01 9.588651797903335883e-01
2.340609199417400532e-01 9.954346238130021840e-01 9.567798494640896712e-01
2.444636274947065147e-01 9.950197945693440849e-01 9.546806724659827603e-01
2.548663350476729761e-01 9.945869292716139620e-01 9.525678319423348528e-01
2.652690426006394375e-01 9.941360279198117045e-01 9.504415106418911963e-01
2.756717501536050108e-01 9.936670905139373122e-01 9.483018908988156692e-01
2.860744577065714722e-01 9.931801170539908963e-01 9.461491546158903310e-01
2.964771652595379337e-01 9.926751075399723456e-01 9.439834832474267579e-01
3.068798728125043951e-01 9.921520619718817713e-01 9.418050577824939040e-01
3.172825803654699683e-01 9.916109803497190622e-01 9.396140587279205869e-01
3.276852879184364298e-01 9.910518626734843295e-01 9.374106660914175437e-01
3.380879954714028912e-01 9.904747089431773510e-01 9.351950593646226606e-01
3.484907030243693526e-01 9.898795191587983489e-01 9.329674175061879460e-01
3.588934105773349259e-01 9.892662933203473230e-01 9.307279189248528484e-01
3.692961181303013873e-01 9.886350314278241624e-01 9.284767414626003967e-01
3.796988256832678488e-01 9.879857334812289782e-01 9.262140623776055071e-01
3.901015332362343102e-01 9.873183994805615482e-01 9.239400583274255396e-01
4.005042407891998835e-01 9.866330294258222056e-01 9.216549053520121104e-01
4.109069483421663449e-01 9.859296233170107282e-01 9.193587788568384767e-01
4.213096558951328063e-01 9.852081811541271161e-01 9.170518535959523154e-01
4.317123634480983796e-01 9.844687029371713693e-01 9.147343036550492634e-01
4.421150710010648410e-01 9.837111886661435989e-01 9.124063024346211748e-01
4.525177785540313025e-01 9.829356383410436937e-01 9.100680226328989875e-01
4.629204861069977639e-01 9.821420519618717648e-01 9.077196362290768095e-01
4.733231936599633372e-01 9.813304295286277013e-01 9.053613144662893131e-01
4.837259012129297986e-01 9.805007710413116140e-01 9.029932278347805319e-01
4.941286087658962600e-01 9.796530764999232810e-01 9.006155460548813663e-01
5.045313163188627215e-01 9.787873459044629243e-01 8.982284380602061358e-01
5.149340238718282947e-01 9.779035792549306549e-01 8.958320719805955568e-01
5.253367314247947562e-01 9.770017765513261399e-01 8.934266151253333899e-01
5.357394389777612176e-01 9.760819377936494901e-01 8.910122339661582513e-01
5.461421465307276790e-01 9.751440629819008166e-01 8.885890941203236082e-01
5.565448540836932523e-01 9.741881521160800084e-01 8.861573603336977412e-01
5.669475616366597137e-01 9.732142051961871765e-01 8.837171964639120025e-01
5.773502691896261751e-01 9.722222222222222099e-01 8.812687654633117873e-01
5.877529767425926366e-01 9.712122031941851086e-01 8.788122293621447589e-01
5.981556842955582098e-01 9.701841481120760946e-01 8.763477492515675538e-01
6.085583918485246713e-01 9.691380569758948349e-01 8.738754852667982576e-01
6.189610994014911327e-01 9.680739297856414405e-01 8.713955965701307704e-01
6.293638069544575941e-01 9.669917665413160224e-01 8.689082413340540878e-01
6.397665145074231674e-01 9.658915672429185806e-01 8.664135767242930886e-01
6.501692220603896288e-01 9.647733318904490041e-01 8.639117588829607897e-01
6.605719296133560903e-01 9.636370604839072929e-01 8.614029429115461767e-01
6.709746371663216635e-01 9.624827530232935580e-01 8.588872828540605742e-01
6.813773447192881250e-01 9.613104095086076883e-01 8.563649316801168476e-01
6.917800522722545864e-01 9.601200299398496840e-01 8.538360412679510958e-01
7.021827598252210478e-01 9.589116143170196560e-01 8.513007623875742391e-01
7.125854673781866211e-01 9.576851626401176043e-01 8.487592446837805005e-01
7.229881749311530825e-01 9.564406749091434179e-01 8.462116366593316341e-01
7.333908824841195440e-01 9.551781511240969857e-01 8.436580856579065646e-01
7.437935900370860054e-01 9.538975912849786409e-01 8.410987378472861709e-01
7.541962975900515787e-01 9.525989953917881614e-01 8.385337382023543285e-01
7.645990051430180401e-01 9.512823634445255472e-01 8.359632304882823606e-01
7.750017126959845015e-01 9.499476954431909093e-01 8.333873572434862265e-01
7.854044202489509630e-01 9.485949913877841366e-01 8.308062597627771106e-01
7.958071278019165362e-01 9.472242512783053403e-01 8.282200780804355178e-01
8.062098353548829976e-01 9.458354751147544093e-01 8.256289509533035753e-01
8.166125429078494591e-01 9.444286628971313435e-01 8.230330158438078358e-01
8.270152504608159205e-01 9.430038146254361431e-01 8.204324089031094225e-01
8.374179580137814938e-01 9.415609302996690300e-01 8.178272649541147299e-01
8.478206655667479552e-01 9.401000099198296711e-01 8.152177174746614297e-01
8.582233731197144166e-01 9.386210534859182886e-01 8.126038985804426851e-01
8.686260806726808781e-01 9.371240609979347713e-01 8.099859390082558841e-01
8.790287882256464513e-01 9.356090324558793414e-01 8.073639680989201928e-01
8.894314957786129128e-01 9.340759678597516658e-01 8.047381137805245110e-01
8.998342033315793742e-01 9.325248672095518554e-01 8.021085025513465805e-01
9.102369108845458356e-01 9.309557305052799103e-01 7.994752594630690767e-01
9.206396184375114089e-01 9.293685577469361636e-01 7.968385081037299145e-01
9.310423259904778703e-01 9.277633489345200601e-01 7.941983705809250171e-01
9.414450335434443318e-01 9.261401040680319330e-01 7.915549675048278999e-01
9.518477410964099050e-01 9.244988231474717821e-01 7.889084179712441136e-01
9.622504486493763665e-01 9.228395061728394966e-01 7.862588395447471790e-01
9.726531562023428279e-01 9.211621531441350763e-01 7.836063482417277015e-01
9.830558637553092893e-01 9.194667640613585213e-01 7.809510585134854521e-01
9.934585713082748626e-01 9.177533389245100537e-01 7.782930832292795920e-01
1.003861278861241324e+00 9.160218777335894513e-01 7.756325336594747100e-01
1.014263986414207785e+00 9.142723804885966032e-01 7.729695194585304296e-01
1.024666693967174247e+00 9.125048471895317315e-01 7.703041486481838618e-01
1.035069401520139820e+00 9.107192778363949470e-01 7.676365276004045723e-01
1.045472109073106282e+00 9.089156724291859168e-01 7.649667610206277724e-01
1.055874816626072743e+00 9.070940309679047520e-01 7.622949519306876365e-01
1.066277524179039204e+00 9.052543534525515634e-01 7.596212016519914290e-01
1.076680231732004778e+00 9.033966398831263511e-01 7.569456097885639556e-01
1.087082939284971239e+00 9.015208902596290041e-01 7.542682742101337601e-01
1.097485646837937701e+00 8.996271045820594114e-01 7.515892910352127698e-01
1.107888354390904162e+00 8.977152828504179061e-01 7.489087546141885987e-01
1.118291061943869735e+00 8.957854250647043770e-01 7.462267575123462393e-01
1.128693769496836197e+00 8.938375312249186022e-01 7.435433904930690563e-01
1.139096477049802658e+00 8.918716013310606927e-01 7.408587425007813199e-01
1.149499184602769120e+00 8.898876353831307595e-01 7.381729006441254404e-01
1.159901892155734693e+00 8.878856333811289137e-01 7.354859501789738907e-01
1.170304599708701154e+00 8.858655953250547110e-01 7.327979744915931182e-01
1.180707307261667616e+00 8.838275212149084847e-01 7.301090550816460301e-01
1.191110014814634077e+00 8.817714110506902347e-01 7.274192715452769686e-01
1.201512722367599650e+00 8.796972648323999611e-01 7.247287015582367653e-01
1.211915429920566112e+00 8.776050825600374417e-01 7.220374208589729337e-01
1.222318137473532573e+00 8.754948642336028986e-01 7.193455032316170561e-01
1.232720845026498147e+00 8.733666098530963318e-01 7.166530204891357059e-01
1.243123552579464608e+00 8.712203194185176303e-01 7.139600424564594983e-01
1.253526260132431069e+00 8.690559929298666830e-01 7.112666369534377253e-01
1.263928967685397531e+00 8.668736303871438231e-01 7.085728697780061536e-01
1.274331675238363104e+00 8.646732317903489395e-01 7.058788046892285895e-01
1.284734382791329566e+00 8.624547971394818102e-01 7.031845033904409181e-01
1.295137090344296027e+00 8.602183264345425462e-01 7.004900255122301633e-01
1.305539797897262488e+00 8.579638196755312585e-01 6.977954285955998426e-01
1.315942505450228062e+00 8.556912768624480581e-01 6.951007680749863304e-01
1.326345213003194523e+00 8.534006979952926120e-01 6.924060972614221043e-01
1.336747920556160985e+00 8.510920830740649201e-01 6.897114673255125838e-01
1.347150628109127446e+00 8.487654320987653156e-01 6.870169272806039285e-01
1.357553335662093019e+00 8.464207450693936874e-01 6.843225239657805270e-01
1.367956043215059481e+00 8.440580219859499245e-01 6.816283020290576644e-01
1.378358750768025942e+00 8.416772628484339158e-01 6.789343039103392652e-01
1.388761458320992404e+00 8.392784676568458835e-01 6.762405698245845809e-01
1.399164165873957977e+00 8.368616364111859385e-01 6.735471377448322139e-01
1.409566873426924438e+00 8.344267691114537477e-01 6.708540433853353857e-01
1.419969580979890900e+00 8.319738657576494223e-01 6.681613201845923999e-01
1.430372288532857361e+00 8.295029263497730732e-01 6.654689992884558203e-01
1.440774996085822934e+00 8.270139508878247003e-01 6.627771095331840279e-01
1.451177703638789396e+00 8.245069393718041928e-01 6.600856774285739359e-01
1.461580411191755857e+00 8.219818918017114395e-01 6.573947271409733561e-01
1.471983118744721430e+00 8.194388081775469956e-01 6.547042804764149349e-01
1.482385826297687892e+00 8.168776884993100840e-01 6.520143568636660447e-01
1.492788533850654353e+00 8.142985327670011486e-01 6.493249733373382959e-01
1.503191241403620815e+00 8.117013409806201896e-01 6.466361445209199976e-01
1.513593948956586388e+00 8.090861131401672068e-01 6.439478826098987696e-01
1.523996656509552849e+00 8.064528492456419784e-01 6.412601973548411882e-01
1.534399364062519311e+00 8.038015492970447262e-01 6.385730960444310211e-01
1.544802071615485772e+00 8.011322132943753394e-01 6.358865834886049395e-01
1.555204779168451346e+00 7.984448412376340398e-01 6.332006620015595555e-01
1.565607486721417807e+00 7.957394331268204946e-01 6.305153313849533037e-01
1.576010194274384268e+00 7.930159889619348146e-01 6.278305889108287685e-01
1.586412901827350730e+00 7.902745087429769999e-01 6.251464293048281107e-01
1.596815609380316303e+00 7.875149924699473836e-01 6.224628447292006594e-01
1.607218316933282765e+00 7.847374401428455215e-01 6.197798247658923287e-01
1.617621024486249226e+00 7.819418517616714137e-01 6.170973563996431377e-01
1.628023732039215687e+00 7.791282273264252822e-01 6.144154240010764045e-01
1.638426439592181261e+00 7.762965668371073491e-01 6.117340093097130005e-01
1.648829147145147722e+00 7.734468702937170592e-01 6.090530914171637944e-01
1.659231854698114184e+00 7.705791376962547456e-01 6.063726467500814010e-01
1.669634562251080645e+00 7.676933690447201863e-01 6.036926490533504053e-01
1.680037269804046218e+00 7.647895643391138254e-01 6.010130693730962870e-01
1.690439977357012680e+00 7.618677235794352187e-01 5.983338760398144718e-01
1.700842684909979141e+00 7.589278467656844773e-01 5.956550346513893590e-01
1.711245392462945603e+00 7.559699338978616012e-01 5.929765080562436896e-01
1.721648100015911176e+00 7.529939849759669235e-01 5.902982563363581292e-01
1.732050807568877637e+00 7.499999999999998890e-01 5.876202367904185264e-01
1.742453515121844099e+00 7.469879789699608308e-01 5.849424039168213962e-01
1.752856222674809672e+00 7.439579218858498599e-01 5.822647093967885379e-01
1.763258930227776133e+00 7.409098287476665323e-01 5.795871020774836513e-01
1.773661637780742595e+00 7.378436995554111810e-01 5.769095279550168209e-01
1.784064345333709056e+00 7.347595343090836950e-01 5.742319301575837809e-01
1.794467052886674630e+00 7.316573330086844074e-01 5.715542489285226901e-01
1.804869760439641091e+00 7.285370956542127630e-01 5.688764216093969983e-01
1.815272467992607552e+00 7.253988222456689838e-01 5.661983826230770900e-01
1.825675175545574014e+00 7.222425127830531810e-01 5.635200634568227063e-01
1.836077883098539587e+00 7.190681672663654656e-01 5.608413926453489351e-01
1.846480590651506049e+00 7.158757856956055043e-01 5.581622957539240648e-01
1.856883298204472510e+00 7.126653680707732974e-01 5.554826953614540042e-01
1.867286005757438971e+00 7.094369143918691778e-01 5.528025110435361711e-01
1.877688713310404545e+00 7.061904246588931455e-01 5.501216593555365852e-01
1.888091420863371006e+00 7.029258988718447565e-01 5.474400538157406793e-01
1.898494128416337468e+00 6.996433370307242328e-01 5.447576048883311373e-01
1.908896835969303929e+00 6.963427391355316853e-01 5.420742199665413708e-01
1.919299543522269502e+00 6.930241051862673363e-01 5.393898033556975280e-01
1.929702251075235964e+00 6.896874351829306304e-01 5.367042562563222319e-01
1.940104958628202425e+00 6.863327291255217899e-01 5.340174767471984607e-01
1.950507666181168887e+00 6.829599870140408147e-01 5.313293597684685121e-01
1.960910373734134460e+00 6.795692088484881488e-01 5.286397971046818967e-01
1.971313081287100921e+00 6.761603946288630151e-01 5.259486773679072913e-01
1.981715788840067383e+00 6.727335443551658578e-01 5.232558859807940888e-01
1.992118496393033844e+00 6.692886580273964547e-01 5.205613051596742480e-01
2.002521203945999417e+00 6.658257356455554721e-01 5.178648138975946447e-01
2.012923911498965879e+00 6.623447772096420216e-01 5.151662879474587786e-01
2.023326619051932340e+00 6.588457827196564365e-01 5.124655998050692274e-01
2.033729326604897913e+00 6.553287521755990497e-01 5.097626186922017411e-01
2.044132034157864375e+00 6.517936855774693061e-01 5.070572105397228579e-01
2.054534741710830836e+00 6.482405829252675389e-01 5.043492379706175921e-01
2.064937449263797298e+00 6.446694442189935259e-01 5.016385602831280321e-01
2.075340156816762871e+00 6.410802694586479333e-01 4.989250334337735904e-01
2.085742864369729332e+00 6.374730586442297620e-01 4.962085100204837729e-01
2.096145571922695794e+00 6.338478117757395669e-01 4.934888392656482381e-01
2.106548279475662255e+00 6.302045288531772371e-01 4.907658669992005507e-01
2.116950987028627829e+00 6.265432098765432167e-01 4.880394356416963286e-01
2.127353694581594290e+00 6.228638548458367286e-01 4.853093841874157599e-01
2.137756402134560751e+00 6.191664637610582167e-01 4.825755481874074437e-01
2.148159109687527213e+00 6.154510366222075701e-01 4.798377597325979016e-01
2.158561817240492786e+00 6.117175734292851219e-01 4.770958474368571789e-01
2.168964524793459248e+00 6.079660741822903169e-01 4.743496364200874282e-01
2.179367232346425709e+00 6.041965388812233773e-01 4.715989482912917863e-01
2.189769939899392170e+00 6.004089675260844139e-01 4.688436011316635676e-01
2.200172647452357744e+00 5.966033601168736489e-01 4.660834094776583059e-01
2.210575355005324205e+00 5.927797166535904161e-01 4.633181843040938830e-01
2.220978062558290667e+00 5.889380371362351596e-01 4.605477330072008657e-01
2.231380770111257128e+00 5.850783215648077684e-01 4.577718593877222464e-01
2.241783477664222701e+00 5.812005699393086866e-01 4.549903636339863722e-01
2.252186185217189163e+00 5.773047822597371370e-01 4.522030423049946402e-01
2.262588892770155624e+00 5.733909585260934527e-01 4.494096883134929277e-01
2.272991600323121197e+00 5.694590987383780778e-01 4.466100909090524596e-01
2.283394307876087659e+00 5.655092028965902351e-01 4.438040356611562820e-01
2.293797015429054120e+00 5.615412710007303687e-01 4.409913044422711925e-01
2.304199722982020582e+00 5.575553030507983676e-01 4.381716754109348244e-01
2.314602430534986155e+00 5.535512990467945649e-01 4.353449229948296306e-01
2.325005138087952616e+00 5.495292589887184054e-01 4.325108178738739650e-01
2.335407845640919078e+00 5.454891828765701112e-01 4.296691269632815224e-01
2.345810553193885539e+00 5.414310707103497933e-01 4.268196133966646322e-01
2.356213260746851113e+00 5.373549224900576737e-01 4.239620365090910337e-01
2.366615968299817574e+00 5.332607382156930864e-01 4.210961518201966625e-01
2.377018675852784035e+00 5.291485178872564754e-01 4.182217110172263275e-01
2.387421383405750497e+00 5.250182615047477297e-01 4.153384619381410570e-01
2.397824090958716070e+00 5.208699690681672934e-01 4.124461485546871420e-01
2.408226798511682532e+00 5.167036405775143892e-01 4.095445109554822771e-01
2.418629506064648993e+00 5.125192760327893504e-01 4.066332853290928195e-01
2.429032213617615454e+00 5.083168754339922879e-01 4.037122039471111590e-01
2.439434921170581028e+00 5.040964387811235348e-01 4.007809951472309784e-01
2.449837628723547489e+00 4.998579660741822028e-01 3.978393833163488269e-01
2.460240336276513951e+00 4.956014573131688472e-01 3.948870888736196738e-01
2.470643043829480412e+00 4.913269124980833569e-01 3.919238282535506546e-01
2.481045751382445985e+00 4.870343316289261759e-01 3.889493138890724455e-01
2.491448458935412447e+00 4.827237147056966382e-01 3.859632541946288464e-01
2.501851166488378908e+00 4.783950617283948548e-01 3.829653535492497651e-01
2.512253874041345370e+00 4.740483726970210476e-01 3.799553122796379134e-01
2.522656581594310943e+00 4.696836476115755499e-01 3.769328266432362962e-01
2.533059289147277404e+00 4.653008864720575843e-01 3.738975888113231782e-01
2.543461996700243866e+00 4.609000892784673731e-01 3.708492868520842922e-01
2.553864704253209439e+00 4.564812560308055822e-01 3.677876047136934834e-01
2.564267411806175900e+00 4.520443867290713236e-01 3.647122222073915232e-01
2.574670119359142362e+00 4.475894813732650412e-01 3.616228149905680311e-01
2.585072826912108823e+00 4.431165399633865132e-01 3.585190545498452286e-01
2.595475534465074396e+00 4.386255624994364055e-01 3.554006081841496467e-01
2.605878242018040858e+00 4.341165489814138301e-01 3.522671389877985448e-01
2.616280949571007319e+00 4.295894994093190089e-01 3.491183058335778355e-01
2.626683657123973781e+00 4.250444137831522751e-01 3.459537633558237291e-01
2.637086364676939354e+00 4.204812921029137396e-01 3.427731619334961066e-01
2.647489072229905815e+00 4.159001343686027363e-01 3.395761476732715445e-01
2.657891779782872277e+00 4.113009405802197094e-01 3.363623623926098039e-01
2.668294487335838738e+00 4.066837107377645477e-01 3.331314436028396386e-01
2.678697194888804312e+00 4.020484448412375844e-01 3.298830244922437149e-01
2.689099902441770773e+00 3.973951428906382644e-01 3.266167339091302635e-01
2.699502609994737234e+00 3.927238048859668096e-01 3.233321963449148351e-01
2.709905317547703696e+00 3.880344308272233311e-01 3.200290319172065523e-01
2.720308025100669269e+00 3.833270207144080510e-01 3.167068563528783187e-01
2.730710732653635731e+00 3.786015745475204142e-01 3.133652809711588438e-01
2.741113440206602192e+00 3.738580923265605316e-01 3.100039126666999656e-01
2.751516147759568653e+00 3.690965740515286253e-01 3.066223538926676206e-01
2.761918855312534227e+00 3.643170197224250284e-01 3.032202026438136078e-01
2.772321562865500688e+00 3.595194293392489637e-01 2.997970524395608405e-01
2.782724270418467150e+00 3.547038029020008754e-01 2.963524923070809391e-01
2.793126977971432723e+00 3.498701404106809854e-01 2.928861067643734883e-01
2.803529685524399184e+00 3.450184418652886276e-01 2.893974758033526773e-01
2.813932393077365646e+00 3.401487072658242461e-01 2.858861748729156216e-01
2.824335100630332107e+00 3.352609366122876189e-01 2.823517748620333334e-01
2.834737808183298569e+00 3.303551299046789680e-01 2.787938420828259822e-01
2.845140515736265030e+00 3.254312871429982934e-01 2.752119382536410419e-01
2.855543223289229715e+00 3.204894083272463723e-01 2.716056204821378217e-01
2.865945930842196177e+00 3.155294934574215393e-01 2.679744412483628380e-01
2.876348638395162638e+00 3.105515425335244606e-01 2.643179483878351776e-01
2.886751345948129099e+00 3.055555555555553582e-01 2.606356850746244791e-01
2.897154053501095561e+00 3.005415325235143431e-01 2.569271898044250824e-01
2.907556761054062022e+00 2.955094734374010823e-01 2.531919963776446125e-01
2.917959468607028484e+00 2.904593782972157978e-01 2.494296338824812942e-01
2.928362176159994945e+00 2.853912471029582676e-01 2.456396266780013771e-01
2.938764883712959630e+00 2.803050798546296019e-01 2.418214943772235559e-01
2.949167591265926092e+00 2.752008765522280243e-01 2.379747518301915110e-01
2.959570298818892553e+00 2.700786371957542009e-01 2.340989091070644901e-01
2.969973006371859015e+00 2.649383617852085759e-01 2.301934714811887384e-01
2.980375713924825476e+00 2.597800503205907052e-01 2.262579394121791987e-01
2.990778421477791937e+00 2.546037028019005888e-01 2.222918085290054024e-01
3.001181129030758399e+00 2.494093192291385597e-01 2.182945696130645374e-01
3.011583836583724860e+00 2.441968996023045069e-01 2.142657085812619822e-01
3.021986544136689545e+00 2.389664439213990965e-01 2.102047064690964473e-01
3.032389251689656007e+00 2.337179521864206633e-01 2.061110394137356250e-01
3.042791959242622468e+00 2.284514243973703174e-01 2.019841786370971115e-01
3.053194666795588930e+00 2.231668605542477257e-01 1.978235904289293301e-01
3.063597374348555391e+00 2.178642606570532214e-01 1.936287361298907606e-01
3.074000081901521853e+00 2.125436247057863604e-01 1.893990721146305845e-01
3.084402789454488314e+00 2.072049527004476976e-01 1.851340497748687475e-01
3.094805497007452999e+00 2.018482446410376774e-01 1.808331155024746062e-01
3.105208204560419460e+00 1.964735005275546342e-01 1.764957106725483504e-01
3.115610912113385922e+00 1.910807203599995674e-01 1.721212716265011766e-01
3.126013619666352383e+00 1.856699041383724769e-01 1.677092296551343509e-01
3.136416327219318845e+00 1.802410518626732516e-01 1.632590109817199653e-01
3.146819034772285306e+00 1.747941635329020027e-01 1.587700367450805006e-01
3.157221742325251768e+00 1.693292391490585080e-01 1.542417229826693048e-01
3.167624449878218229e+00 1.638462787111429897e-01 1.496734806136506835e-01
3.178027157431182914e+00 1.583452822191562248e-01 1.450647154219799617e-01
3.188429864984149376e+00 1.528262496730965481e-01 1.404148280394813819e-01
3.198832572537115837e+00 1.472891810729648476e-01 1.357232139289316353e-01
3.209235280090082298e+00 1.417340764187610125e-01 1.309892633671377316e-01
3.219637987643048760e+00 1.361609357104849316e-01 1.262123614280180051e-01
3.230040695196015221e+00 1.305697589481369381e-01 1.213918879656815386e-01
3.240443402748981683e+00 1.249605461317168098e-01 1.165272175975077679e-01
3.250846110301948144e+00 1.193332972612245468e-01 1.116177196872277233e-01
3.261248817854912829e+00 1.136880123366611484e-01 1.066627583280041619e-01
3.271651525407879291e+00 1.080246913580247270e-01 1.016616923255082849e-01
3.282054232960845752e+00 1.023433343253161709e-01 9.661387518100494898e-02
3.292456940513812214e+00 9.664394123853570218e-02 9.151865507442925873e-02
3.302859648066778675e+00 9.092651209768287668e-02 8.637537484746719840e-02
3.313262355619745136e+00 8.519104690275813851e-02 8.118337198663674870e-02
3.323665063172711598e+00 7.943754565376126564e-02 7.594197860636618669e-02
3.334067770725676283e+00 7.366600835069325726e-02 7.065052143207650737e-02
3.344470478278642744e+00 6.787643499355222598e-02 6.530832178325721160e-02
3.354873185831609206e+00 6.206882558233917102e-02 5.991469555655169754e-02
3.365275893384575667e+00 5.624318011705387033e-02 5.446895320883378411e-02
3.375678600937542129e+00 5.039949859769654594e-02 4.897039974028902232e-02
3.386081308490508590e+00 4.453778102426708685e-02 4.341833467749407066e-02
3.396484016043475052e+00 3.865802739676560407e-02 3.781205205649729173e-02
3.406886723596441513e+00 3.276023771519198657e-02 3.215084040589834269e-02
3.417289431149406198e+00 2.684441197954734459e-02 2.643398272992962886e-02
3.427692138702372660e+00 2.091055018982967972e-02 2.066075649153208127e-02
3.438094846255339121e+00 1.495865234603976912e-02 1.483043359544097134e-02
3.448497553808305582e+00 8.988718448177723808e-03 8.942280371262557523e-03
3.458900261361272044e+00 3.000748496243654806e-03 2.996858218698633235e-03
3.469302968914238505e+00 0.000000000000000000e+00 0.000000000000000000e+00
3.479705676467204967e+00 0.000000000000000000e+00 0.000000000000000000e+00
3.490108384020171428e+00 0.000000000000000000e+00 0.000000000000000000e+00
3.500511091573136113e+00 0.000000000000000000e+00 0.000000000000000000e+00
3.510913799126102575e+00 0.000000000000000000e+00 0.000000000000000000e+00
3.521316506679069036e+00 0.000000000000000000e+00 0.000000000000000000e+00
3.531719214232035498e+00 0.000000000000000000e+00 0.000000000000000000e+00
3.542121921785001959e+00 0.000000000000000000e+00 0.000000000000000000e+00
3.552524629337968420e+00 0.000000000000000000e+00 0.000000000000000000e+00
3.562927336890934882e+00 0.000000000000000000e+00 0.000000000000000000e+00
3.573330044443901343e+00 0.000000000000000000e+00 0.000000000000000000e+00
3.583732751996866028e+00 0.000000000000000000e+00 0.000000000000000000e+00
3.594135459549832490e+00 0.000000000000000000e+00 0.000000000000000000e+00
3.604538167102798951e+00 0.000000000000000000e+00 0.000000000000000000e+00
3.614940874655765413e+00 0.000000000000000000e+00 0.000000000000000000e+00
3.625343582208731874e+00 0.000000000000000000e+00 0.000000000000000000e+00
3.635746289761698335e+00 0.000000000000000000e+00 0.000000000000000000e+00
3.646148997314664797e+00 0.000000000000000000e+00 0.000000000000000000e+00
3.656551704867629482e+00 0.000000000000000000e+00 0.000000000000000000e+00
3.666954412420595943e+00 0.000000000000000000e+00 0.000000000000000000e+00
3.677357119973562405e+00 0.000000000000000000e+00 0.000000000000000000e+00
3.687759827526528866e+00 0.000000000000000000e+00 0.000000000000000000e+00
3.698162535079495328e+00 0.000000000000000000e+00 0.000000000000000000e+00
3.708565242632461789e+00 0.000000000000000000e+00 0.000000000000000000e+00
3.718967950185428251e+00 0.000000000000000000e+00 0.000000000000000000e+00
3.729370657738394712e+00 0.000000000000000000e+00 0.000000000000000000e+00
3.739773365291359397e+00 0.000000000000000000e+00 0.000000000000000000e+00
3.750176072844325859e+00 0.000000000000000000e+00 0.000000000000000000e+00
3.760578780397292320e+00 0.000000000000000000e+00 0.000000000000000000e+00
3.770981487950258781e+00 0.000000000000000000e+00 0.000000000000000000e+00
3.781384195503225243e+00 0.000000000000000000e+00 0.000000000000000000e+00
3.791786903056191704e+00 0.000000000000000000e+00 0.000000000000000000e+00
3.802189610609158166e+00 0.000000000000000000e+00 0.000000000000000000e+00
3.812592318162124627e+00 0.000000000000000000e+00 0.000000000000000000e+00
3.822995025715089312e+00 0.000000000000000000e+00 0.000000000000000000e+00
3.833397733268055774e+00 0.000000000000000000e+00 0.000000000000000000e+00
3.843800440821022235e+00 0.000000000000000000e+00 0.000000000000000000e+00
3.854203148373988697e+00 0.000000000000000000e+00 0.000000000000000000e+00
3.864605855926955158e+00 0.000000000000000000e+00 0.000000000000000000e+00
3.875008563479921619e+00 0.000000000000000000e+00 0.000000000000000000e+00
3.885411271032888081e+00 0.000000000000000000e+00 0.000000000000000000e+00
3.895813978585852766e+00 0.000000000000000000e+00 0.000000000000000000e+00
3.906216686138819227e+00 0.000000000000000000e+00 0.000000000000000000e+00
3.916619393691785689e+00 0.000000000000000000e+00 0.000000000000000000e+00
3.927022101244752150e+00 0.000000000000000000e+00 0.000000000000000000e+00
3.937424808797718612e+00 0.000000000000000000e+00 0.000000000000000000e+00
3.947827516350685073e+00 0.000000000000000000e+00 0.000000000000000000e+00
3.958230223903651535e+00 0.000000000000000000e+00 0.000000000000000000e+00
3.968632931456617996e+00 0.000000000000000000e+00 0.000000000000000000e+00
3.979035639009582681e+00 0.000000000000000000e+00 0.000000000000000000e+00
3.989438346562549143e+00 0.000000000000000000e+00 0.000000000000000000e+00
3.999841054115515604e+00 0.000000000000000000e+00 0.000000000000000000e+00
4.010243761668482065e+00 0.000000000000000000e+00 0.000000000000000000e+00
4.020646469221448527e+00 0.000000000000000000e+00 0.000000000000000000e+00
4.031049176774414988e+00 0.000000000000000000e+00 0.000000000000000000e+00
4.041451884327381450e+00 0.000000000000000000e+00 0.000000000000000000e+00
4.051854591880347911e+00 0.000000000000000000e+00 0.000000000000000000e+00
4.062257299433312596e+00 0.000000000000000000e+00 0.000000000000000000e+00
4.072660006986279058e+00 0.000000000000000000e+00 0.000000000000000000e+00
4.083062714539245519e+00 0.000000000000000000e+00 0.000000000000000000e+00
4.093465422092211980e+00 0.000000000000000000e+00 0.000000000000000000e+00
4.103868129645178442e+00 0.000000000000000000e+00 0.000000000000000000e+00
4.114270837198144903e+00 0.000000000000000000e+00 0.000000000000000000e+00
4.124673544751111365e+00 0.000000000000000000e+00 0.000000000000000000e+00
4.135076252304076050e+00 0.000000000000000000e+00 0.000000000000000000e+00
4.145478959857042511e+00 0.000000000000000000e+00 0.000000000000000000e+00
4.155881667410008973e+00 0.000000000000000000e+00 0.000000000000000000e+00
4.166284374962975434e+00 0.000000000000000000e+00 0.000000000000000000e+00
4.176687082515941896e+00 0.000000000000000000e+00 0.000000000000000000e+00
4.187089790068908357e+00 0.000000000000000000e+00 0.000000000000000000e+00
4.197492497621874818e+00 0.000000000000000000e+00 0.000000000000000000e+00
4.207895205174841280e+00 0.000000000000000000e+00 0.000000000000000000e+00
4.218297912727805965e+00 0.000000000000000000e+00 0.000000000000000000e+00
4.228700620280772426e+00 0.000000000000000000e+00 0.000000000000000000e+00
4.239103327833738888e+00 0.000000000000000000e+00 0.000000000000000000e+00
4.249506035386705349e+00 0.000000000000000000e+00 0.000000000000000000e+00
4.259908742939671811e+00 0.000000000000000000e+00 0.000000000000000000e+00
4.270311450492638272e+00 0.000000000000000000e+00 0.000000000000000000e+00
4.280714158045604734e+00 0.000000000000000000e+00 0.000000000000000000e+00
4.291116865598571195e+00 0.000000000000000000e+00 0.000000000000000000e+00
4.301519573151535880e+00 0.000000000000000000e+00 0.000000000000000000e+00
4.311922280704502342e+00 0.000000000000000000e+00 0.000000000000000000e+00
4.322324988257468803e+00 0.000000000000000000e+00 0.000000000000000000e+00
4.332727695810435264e+00 0.000000000000000000e+00 0.000000000000000000e+00
4.343130403363401726e+00 0.000000000000000000e+00 0.000000000000000000e+00
4.353533110916368187e+00 0.000000000000000000e+00 0.000000000000000000e+00
4.363935818469334649e+00 0.000000000000000000e+00 0.000000000000000000e+00
4.374338526022301110e+00 0.000000000000000000e+00 0.000000000000000000e+00
4.384741233575265795e+00 0.000000000000000000e+00 0.000000000000000000e+00
4.395143941128232257e+00 0.000000000000000000e+00 0.000000000000000000e+00
4.405546648681198718e+00 0.000000000000000000e+00 0.000000000000000000e+00
4.415949356234165180e+00 0.000000000000000000e+00 0.000000000000000000e+00
4.426352063787131641e+00 0.000000000000000000e+00 0.000000000000000000e+00
4.436754771340098102e+00 0.000000000000000000e+00 0.000000000000000000e+00
4.447157478893064564e+00 0.000000000000000000e+00 0.000000000000000000e+00
4.457560186446029249e+00 0.000000000000000000e+00 0.000000000000000000e+00
4.467962893998995710e+00 0.000000000000000000e+00 0.000000000000000000e+00
4.478365601551962172e+00 0.000000000000000000e+00 0.000000000000000000e+00
4.488768309104928633e+00 0.000000000000000000e+00 0.000000000000000000e+00
4.499171016657895095e+00 0.000000000000000000e+00 0.000000000000000000e+00
4.509573724210861556e+00 0.000000000000000000e+00 0.000000000000000000e+00
4.519976431763828018e+00 0.000000000000000000e+00 0.000000000000000000e+00
4.530379139316794479e+00 0.000000000000000000e+00 0.000000000000000000e+00
4.540781846869759164e+00 0.000000000000000000e+00 0.000000000000000000e+00
4.551184554422725625e+00 0.000000000000000000e+00 0.000000000000000000e+00
4.561587261975692087e+00 0.000000000000000000e+00 0.000000000000000000e+00
4.571989969528658548e+00 0.000000000000000000e+00 0.000000000000000000e+00
4.582392677081625010e+00 0.000000000000000000e+00 0.000000000000000000e+00
4.592795384634591471e+00 0.000000000000000000e+00 0.000000000000000000e+00
4.603198092187557933e+00 0.000000000000000000e+00 0.000000000000000000e+00
4.613600799740524394e+00 0.000000000000000000e+00 0.000000000000000000e+00
4.624003507293489079e+00 0.000000000000000000e+00 0.000000000000000000e+00
4.634406214846455541e+00 0.000000000000000000e+00 0.000000000000000000e+00
4.644808922399422002e+00 0.000000000000000000e+00 0.000000000000000000e+00
4.655211629952388463e+00 0.000000000000000000e+00 0.000000000000000000e+00
4.665614337505354925e+00 0.000000000000000000e+00 0.000000000000000000e+00
4.676017045058321386e+00 0.000000000000000000e+00 0.000000000000000000e+00
4.686419752611287848e+00 0.000000000000000000e+00 0.000000000000000000e+00
4.696822460164252533e+00 0.000000000000000000e+00 0.000000000000000000e+00
4.707225167717218994e+00 0.000000000000000000e+00 0.000000000000000000e+00
4.717627875270185456e+00 0.000000000000000000e+00 0.000000000000000000e+00
4.728030582823151917e+00 0.000000000000000000e+00 0.000000000000000000e+00
4.738433290376118379e+00 0.000000000000000000e+00 0.000000000000000000e+00
4.748835997929084840e+00 0.000000000000000000e+00 0.000000000000000000e+00
4.759238705482051301e+00 0.000000000000000000e+00 0.000000000000000000e+00
4.769641413035017763e+00 0.000000000000000000e+00 0.000000000000000000e+00
4.780044120587982448e+00 0.000000000000000000e+00 0.000000000000000000e+00
4.790446828140948909e+00 0.000000000000000000e+00 0.000000000000000000e+00
4.800849535693915371e+00 0.000000000000000000e+00 0.000000000000000000e+00
4.811252243246881832e+00 0.000000000000000000e+00 0.000000000000000000e+00
4.821654950799848294e+00 0.000000000000000000e+00 0.000000000000000000e+00
4.832057658352814755e+00 0.000000000000000000e+00 0.000000000000000000e+00
4.842460365905781217e+00 0.000000000000000000e+00 0.000000000000000000e+00
4.852863073458747678e+00 0.000000000000000000e+00 0.000000000000000000e+00
4.863265781011712363e+00 0.000000000000000000e+00 0.000000000000000000e+00
4.873668488564678825e+00 0.000000000000000000e+00 0.000000000000000000e+00
4.884071196117645286e+00 0.000000000000000000e+00 0.000000000000000000e+00
4.894473903670611747e+00 0.000000000000000000e+00 0.000000000000000000e+00
4.904876611223578209e+00 0.000000000000000000e+00 0.000000000000000000e+00
4.915279318776544670e+00 0.000000000000000000e+00 0.000000000000000000e+00
4.925682026329511132e+00 0.000000000000000000e+00 0.000000000000000000e+00
4.936084733882475817e+00 0.000000000000000000e+00 0.000000000000000000e+00
4.946487441435442278e+00 0.000000000000000000e+00 0.000000000000000000e+00
4.956890148988408740e+00 0.000000000000000000e+00 0.000000000000000000e+00
4.967292856541375201e+00 0.000000000000000000e+00 0.000000000000000000e+00
4.977695564094341663e+00 0.000000000000000000e+00 0.000000000000000000e+00
4.988098271647308124e+00 0.000000000000000000e+00 0.000000000000000000e+00
4.998500979200274585e+00 0.000000000000000000e+00 0.000000000000000000e+00
5.008903686753241047e+00 0.000000000000000000e+00 0.000000000000000000e+00
5.019306394306205732e+00 0.000000000000000000e+00 0.000000000000000000e+00
5.029709101859172193e+00 0.000000000000000000e+00 0.000000000000000000e+00
5.040111809412138655e+00 0.000000000000000000e+00 0.000000000000000000e+00
5.050514516965105116e+00 0.000000000000000000e+00 0.000000000000000000e+00
5.060917224518071578e+00 0.000000000000000000e+00 0.000000000000000000e+00
5.071319932071038039e+00 0.000000000000000000e+00 0.000000000000000000e+00
5.081722639624004501e+00 0.000000000000000000e+00 0.000000000000000000e+00
5.092125347176970962e+00 0.000000000000000000e+00 0.000000000000000000e+00
5.102528054729935647e+00 0.000000000000000000e+00 0.000000000000000000e+00
5.112930762282902108e+00 0.000000000000000000e+00 0.000000000000000000e+00
5.123333469835868570e+00 0.000000000000000000e+00 0.000000000000000000e+00
5.133736177388835031e+00 0.000000000000000000e+00 0.000000000000000000e+00
5.144138884941801493e+00 0.000000000000000000e+00 0.000000000000000000e+00
5.154541592494767954e+00 0.000000000000000000e+00 0.000000000000000000e+00
5.164944300047734416e+00 0.000000000000000000e+00 0.000000000000000000e+00
5.175347007600700877e+00 0.000000000000000000e+00 0.000000000000000000e+00
5.185749715153665562e+00 0.000000000000000000e+00 0.000000000000000000e+00
5.196152422706632024e+00 0.000000000000000000e+00 0.000000000000000000e+00
