Missing values by hour:
hour
0     28.571429
1     28.571429
2     14.285714
3     14.285714
4     14.285714
5     14.285714
6     14.285714
7     14.285714
8     14.285714
9     14.285714
10    14.285714
11    14.285714
12    14.285714
13    14.285714
14    14.285714
15    14.285714
16    14.285714
17    14.285714
18    14.285714
19    14.285714
20    28.571429
21    28.571429
22    28.571429
23    28.571429

Missing values by day of week:
day_of_week
0      0.000000
1      0.000000
2      0.000000
3     16.666667
4    100.000000
5      8.333333
6      0.000000

Number of missing value blocks: 1
Missing block lengths: [120]
Average missing block length: 120.0
